-5 -3.44977e-20 0 -0.000372169 2.2507e-07
-4.98999 -4.05259e-20 0 -0.000379328 2.43811e-07
-4.97998 -4.75934e-20 0 -0.000386603 2.64059e-07
-4.96997 -5.58771e-20 0 -0.000393994 2.85931e-07
-4.95996 -6.55834e-20 0 -0.000401503 3.09553e-07
-4.94995 -7.69532e-20 0 -0.00040913 3.3506e-07
-4.93994 -9.02677e-20 0 -0.000416878 3.62595e-07
-4.92993 -1.05855e-19 0 -0.000424746 3.92314e-07
-4.91992 -1.24097e-19 0 -0.000432737 4.24385e-07
-4.90991 -1.45441e-19 0 -0.000440851 4.58985e-07
-4.8999 -1.70406e-19 0 -0.000449089 4.96307e-07
-4.88989 -1.99597e-19 0 -0.000457452 5.36555e-07
-4.87988 -2.3372e-19 0 -0.000465941 5.79952e-07
-4.86987 -2.73597e-19 0 -0.000474557 6.26733e-07
-4.85986 -3.20185e-19 0 -0.0004833 6.77151e-07
-4.84985 -3.74595e-19 0 -0.000492173 7.31479e-07
-4.83984 -4.38123e-19 0 -0.000501174 7.90008e-07
-4.82983 -5.12274e-19 0 -0.000510306 8.53049e-07
-4.81982 -5.98801e-19 0 -0.000519568 9.20935e-07
-4.80981 -6.99737e-19 0 -0.000528962 9.94025e-07
-4.7998 -8.17448e-19 0 -0.000538487 1.0727e-06
-4.78979 -9.54682e-19 0 -0.000548145 1.15737e-06
-4.77978 -1.11463e-18 0 -0.000557935 1.24847e-06
-4.76977 -1.30099e-18 0 -0.000567859 1.34648e-06
-4.75976 -1.51807e-18 0 -0.000577916 1.45189e-06
-4.74975 -1.77084e-18 0 -0.000588106 1.56523e-06
-4.73974 -2.06511e-18 0 -0.000598429 1.68709e-06
-4.72973 -2.40756e-18 0 -0.000608886 1.81807e-06
-4.71972 -2.80599e-18 0 -0.000619477 1.95882e-06
-4.70971 -3.26939e-18 0 -0.0006302 2.11005e-06
-4.6997 -3.80821e-18 0 -0.000641056 2.2725e-06
-4.68969 -4.43453e-18 0 -0.000652044 2.44696e-06
-4.67968 -5.16234e-18 0 -0.000663165 2.63429e-06
-4.66967 -6.00785e-18 0 -0.000674415 2.8354e-06
-4.65966 -6.98979e-18 0 -0.000685797 3.05124e-06
-4.64965 -8.12984e-18 0 -0.000697307 3.28286e-06
-4.63964 -9.45307e-18 0 -0.000708945 3.53135e-06
-4.62963 -1.09885e-17 0 -0.000720709 3.79789e-06
-4.61962 -1.27695e-17 0 -0.000732599 4.08373e-06
-4.60961 -1.48348e-17 0 -0.000744612 4.39021e-06
-4.5996 -1.72292e-17 0 -0.000756747 4.71873e-06
-4.58959 -2.00041e-17 0 -0.000769002 5.07083e-06
-4.57958 -2.32192e-17 0 -0.000781373 5.4481e-06
-4.56957 -2.69431e-17 0 -0.00079386 5.85228e-06
-4.55956 -3.12551e-17 0 -0.000806459 6.28517e-06
-4.54955 -3.62467e-17 0 -0.000819167 6.74874e-06
-4.53954 -4.2023e-17 0 -0.000831981 7.24504e-06
-4.52953 -4.87056e-17 0 -0.000844898 7.77629e-06
-4.51952 -5.64344e-17 0 -0.000857914 8.34481e-06
-4.50951 -6.53705e-17 0 -0.000871026 8.95311e-06
-4.4995 -7.56993e-17 0 -0.000884228 9.60382e-06
-4.48949 -8.76346e-17 0 -0.000897517 1.02998e-05
-4.47948 -1.01422e-16 0 -0.000910887 1.10439e-05
-4.46947 -1.17344e-16 0 -0.000924334 1.18395e-05
-4.45946 -1.35726e-16 0 -0.000937851 1.26898e-05
-4.44945 -1.56941e-16 0 -0.000951434 1.35985e-05
-4.43944 -1.8142e-16 0 -0.000965076 1.45693e-05
-4.42943 -2.09655e-16 0 -0.000978771 1.56063e-05
-4.41942 -2.42214e-16 0 -0.000992511 1.67137e-05
-4.40941 -2.79746e-16 0 -0.00100629 1.78961e-05
-4.3994 -3.23001e-16 0 -0.0010201 1.91584e-05
-4.38939 -3.72834e-16 0 -0.00103393 2.05056e-05
-4.37938 -4.30229e-16 0 -0.00104777 2.19431e-05
-4.36937 -4.96315e-16 0 -0.00106162 2.34767e-05
-4.35936 -5.72384e-16 0 -0.00107547 2.51124e-05
-4.34935 -6.59918e-16 0 -0.00108929 2.68567e-05
-4.33934 -7.60617e-16 0 -0.0011031 2.87165e-05
-4.32933 -8.76425e-16 0 -0.00111686 3.06988e-05
-4.31932 -1.00957e-15 0 -0.00113058 3.28114e-05
-4.30931 -1.1626e-15 0 -0.00114424 3.50624e-05
-4.2993 -1.33844e-15 0 -0.00115783 3.74603e-05
-4.28929 -1.54042e-15 0 -0.00117132 4.00142e-05
-4.27928 -1.77236e-15 0 -0.00118472 4.27336e-05
-4.26927 -2.03862e-15 0 -0.00119801 4.56287e-05
-4.25926 -2.3442e-15 0 -0.00121116 4.87101e-05
-4.24925 -2.6948e-15 0 -0.00122417 5.19893e-05
-4.23924 -3.09693e-15 0 -0.00123701 5.5478e-05
-4.22923 -3.55802e-15 0 -0.00124968 5.9189e-05
-4.21922 -4.08656e-15 0 -0.00126215 6.31356e-05
-4.20921 -4.69225e-15 0 -0.0012744 6.73319e-05
-4.1992 -5.38613e-15 0 -0.00128642 7.17927e-05
-4.18919 -6.18081e-15 0 -0.00129819 7.65336e-05
-4.17918 -7.09066e-15 0 -0.00130967 8.15713e-05
-4.16917 -8.13206e-15 0 -0.00132086 8.69232e-05
-4.15916 -9.32368e-15 0 -0.00133174 9.26076e-05
-4.14915 -1.06868e-14 0 -0.00134226 9.8644e-05
-4.13914 -1.22456e-14 0 -0.00135243 0.000105053
-4.12913 -1.40277e-14 0 -0.0013622 0.000111856
-4.11912 -1.60644e-14 0 -0.00137155 0.000119075
-4.10911 -1.83914e-14 0 -0.00138046 0.000126735
-4.0991 -2.10494e-14 0 -0.0013889 0.000134861
-4.08909 -2.40844e-14 0 -0.00139684 0.000143479
-4.07908 -2.7549e-14 0 -0.00140425 0.000152617
-4.06907 -3.15027e-14 0 -0.00141111 0.000162304
-4.05906 -3.60133e-14 0 -0.00141738 0.000172572
-4.04905 -4.11577e-14 0 -0.00142302 0.000183453
-4.03904 -4.70232e-14 0 -0.00142801 0.00019498
-4.02903 -5.37089e-14 0 -0.00143232 0.000207191
-4.01902 -6.13271e-14 0 -0.00143591 0.000220122
-4.00901 -7.00055e-14 0 -0.00143874 0.000233813
-3.999 -7.98885e-14 0 -0.00144077 0.000248306
-3.98899 -9.11401e-14 0 -0.00144198 0.000263645
-3.97898 -1.03946e-13 0 -0.00144232 0.000279875
-3.96897 -1.18516e-13 0 -0.00144175 0.000297044
-3.95896 -1.3509e-13 0 -0.00144024 0.000315204
-3.94895 -1.53935e-13 0 -0.00143774 0.000334407
-3.93894 -1.75359e-13 0 -0.0014342 0.000354708
-3.92893 -1.99706e-13 0 -0.0014296 0.000376167
-3.91892 -2.27366e-13 0 -0.00142389 0.000398844
-3.90891 -2.58781e-13 0 -0.00141701 0.000422803
-3.8989 -2.94452e-13 0 -0.00140893 0.000448112
-3.88889 -3.3494e-13 0 -0.0013996 0.00047484
-3.87888 -3.80885e-13 0 -0.00138897 0.000503062
-3.86887 -4.33005e-13 0 -0.001377 0.000532855
-3.85886 -4.92113e-13 0 -0.00136364 0.000564299
-3.84885 -5.59126e-13 0 -0.00134884 0.000597478
-3.83884 -6.35079e-13 0 -0.00133255 0.000632482
-3.82883 -7.21138e-13 0 -0.00131472 0.000669402
-3.81882 -8.18619e-13 0 -0.0012953 0.000708336
-3.80881 -9.29005e-13 0 -0.00127424 0.000749383
-3.7988 -1.05397e-12 0 -0.00125149 0.000792651
-3.78879 -1.19539e-12 0 -0.001227 0.000838249
-3.77878 -1.35539e-12 0 -0.0012007 0.000886292
-3.76877 -1.53635e-12 0 -0.00117257 0.000936901
-3.75876 -1.74097e-12 0 -0.00114253 0.000990201
-3.74875 -1.97226e-12 0 -0.00111053 0.00104632
-3.73874 -2.23363e-12 0 -0.00107653 0.00110541
-3.72873 -2.52889e-12 0 -0.00104048 0.00116759
-3.71872 -2.86234e-12 0 -0.0010023 0.00123303
-3.70871 -3.23881e-12 0 -0.000961968 0.00130187
-3.6987 -3.66373e-12 0 -0.000919414 0.00137428
-3.68869 -4.14318e-12 0 -0.00087459 0.00145042
-3.67868 -4.684e-12 0 -0.000827444 0.00153048
-3.66867 -5.29387e-12 0 -0.000777925 0.00161464
-3.65866 -5.98138e-12 0 -0.000725982 0.00170308
-3.64865 -6.75621e-12 0 -0.000671565 0.001796
-3.63864 -7.62918e-12 0 -0.000614624 0.00189362
-3.62863 -8.61242e-12 0 -0.000555111 0.00199614
-3.61862 -9.71953e-12 0 -0.000492979 0.00210379
-3.60861 -1.09657e-11 0 -0.000428181 0.0022168
-3.5986 -1.23681e-11 0 -0.000360673 0.00233541
-3.58859 -1.39458e-11 0 -0.00029041 0.00245988
-3.57858 -1.57201e-11 0 -0.000217351 0.00259046
-3.56857 -1.77149e-11 0 -0.000141456 0.00272743
-3.55856 -1.9957e-11 0 -6.26843e-05 0.00287106
-3.54855 -2.24763e-11 0 1.89993e-05 0.00302165
-3.53854 -2.53063e-11 0 0.00010363 0.0031795
-3.52853 -2.84842e-11 0 0.00019124 0.00334493
-3.51852 -3.20518e-11 0 0.00028186 0.00351826
-3.50851 -3.60557e-11 0 0.000375517 0.00369983
-3.4985 -4.05478e-11 0 0.000472236 0.00388999
-3.48849 -4.55863e-11 0 0.00057204 0.00408911
-3.47848 -5.12359e-11 0 0.000674948 0.00429756
-3.46847 -5.75688e-11 0 0.000780975 0.00451573
-3.45846 -6.46655e-11 0 0.000890134 0.00474402
-3.44845 -7.26158e-11 0 0.00100244 0.00498285
-3.43844 -8.15197e-11 0 0.00111788 0.00523266
-3.42843 -9.14885e-11 0 0.00123648 0.0054939
-3.41842 -1.02646e-10 0 0.00135823 0.00576702
-3.40841 -1.15131e-10 0 0.00148312 0.0060525
-3.3984 -1.29097e-10 0 0.00161113 0.00635084
-3.38839 -1.44714e-10 0 0.00174227 0.00666256
-3.37838 -1.62173e-10 0 0.0018765 0.00698817
-3.36837 -1.81685e-10 0 0.0020138 0.00732823
-3.35836 -2.03486e-10 0 0.00215414 0.00768329
-3.34835 -2.27835e-10 0 0.00229749 0.00805395
-3.33834 -2.55023e-10 0 0.00244382 0.00844079
-3.32833 -2.85373e-10 0 0.00259306 0.00884445
-3.31832 -3.1924e-10 0 0.00274518 0.00926554
-3.30831 -3.57023e-10 0 0.00290012 0.00970475
-3.2983 -3.9916e-10 0 0.00305781 0.0101627
-3.28829 -4.46139e-10 0 0.00321818 0.0106402
-3.27828 -4.98502e-10 0 0.00338117 0.0111379
-3.26827 -5.56848e-10 0 0.00354669 0.0116565
-3.25826 -6.2184e-10 0 0.00371466 0.0121968
-3.24825 -6.94214e-10 0 0.00388497 0.0127596
-3.23824 -7.74786e-10 0 0.00405754 0.0133457
-3.22823 -8.64455e-10 0 0.00423226 0.0139559
-3.21822 -9.64219e-10 0 0.004409 0.0145911
-3.20821 -1.07518e-09 0 0.00458765 0.0152521
-3.1982 -1.19856e-09 0 0.00476809 0.0159399
-3.18819 -1.33571e-09 0 0.00495018 0.0166554
-3.17818 -1.48812e-09 0 0.00513377 0.0173995
-3.16817 -1.65743e-09 0 0.00531872 0.0181732
-3.15816 -1.84547e-09 0 0.00550487 0.0189775
-3.14815 -2.05424e-09 0 0.00569206 0.0198135
-3.13814 -2.28595e-09 0 0.00588012 0.0206821
-3.12813 -2.54305e-09 0 0.00606887 0.0215844
-3.11812 -2.82825e-09 0 0.00625813 0.0225217
-3.10811 -3.14451e-09 0 0.0064477 0.0234949
-3.0981 -3.4951e-09 0 0.00663739 0.0245052
-3.08809 -3.88365e-09 0 0.00682698 0.0255539
-3.07808 -4.31413e-09 0 0.00701628 0.0266421
-3.06807 -4.79093e-09 0 0.00720505 0.0277711
-3.05806 -5.31886e-09 0 0.00739307 0.0289422
-3.04805 -5.90324e-09 0 0.00758011 0.0301565
-3.03804 -6.54991e-09 0 0.00776592 0.0314156
-3.02803 -7.26528e-09 0 0.00795026 0.0327206
-3.01802 -8.05644e-09 0 0.00813289 0.034073
-3.00801 -8.93112e-09 0 0.00831353 0.0354742
-2.998 -9.89788e-09 0 0.00849193 0.0369257
-2.98799 -1.09661e-08 0 0.00866782 0.0384288
-2.97798 -1.2146e-08 0 0.00884092 0.039985
-2.96797 -1.34489e-08 0 0.00901095 0.041596
-2.95796 -1.48872e-08 0 0.00917763 0.0432632
-2.94795 -1.64746e-08 0 0.00934067 0.0449882
-2.93794 -1.82258e-08 0 0.00949978 0.0467727
-2.92793 -2.01573e-08 0 0.00965466 0.0486181
-2.91792 -2.2287e-08 0 0.00980501 0.0505263
-2.90791 -2.46345e-08 0 0.00995053 0.0524988
-2.8979 -2.72212e-08 0 0.0100909 0.0545374
-2.88789 -3.00708e-08 0 0.0102259 0.0566438
-2.87788 -3.32089e-08 0 0.010355 0.0588197
-2.86787 -3.66638e-08 0 0.0104782 0.061067
-2.85786 -4.04663e-08 0 0.0105949 0.0633875
-2.84785 -4.465e-08 0 0.010705 0.065783
-2.83784 -4.92519e-08 0 0.0108081 0.0682553
-2.82783 -5.43122e-08 0 0.0109039 0.0708063
-2.81782 -5.98748e-08 0 0.010992 0.073438
-2.80781 -6.59879e-08 0 0.0110723 0.0761522
-2.7978 -7.27038e-08 0 0.0111443 0.0789509
-2.78779 -8.00797e-08 0 0.0112078 0.081836
-2.77778 -8.81781e-08 0 0.0112626 0.0848096
-2.76777 -9.70671e-08 0 0.0113082 0.0878736
-2.75776 -1.06821e-07 0 0.0113444 0.0910301
-2.74775 -1.1752e-07 0 0.011371 0.0942811
-2.73774 -1.29254e-07 0 0.0113876 0.0976286
-2.72773 -1.42117e-07 0 0.011394 0.101075
-2.71772 -1.56214e-07 0 0.01139 0.104621
-2.70771 -1.7166e-07 0 0.0113753 0.108271
-2.6977 -1.88577e-07 0 0.0113496 0.112025
-2.68769 -2.07101e-07 0 0.0113127 0.115887
-2.67768 -2.27379e-07 0 0.0112645 0.119857
-2.66767 -2.49568e-07 0 0.0112046 0.123939
-2.65766 -2.73843e-07 0 0.011133 0.128134
-2.64765 -3.00391e-07 0 0.0110494 0.132444
-2.63764 -3.29416e-07 0 0.0109536 0.136872
-2.62763 -3.6114e-07 0 0.0108456 0.14142
-2.61762 -3.95803e-07 0 0.0107251 0.146089
-2.60761 -4.33666e-07 0 0.0105921 0.150882
-2.5976 -4.75012e-07 0 0.0104465 0.155802
-2.58759 -5.20147e-07 0 0.0102881 0.160849
-2.57758 -5.69405e-07 0 0.0101169 0.166027
-2.56757 -6.23145e-07 0 0.0099329 0.171337
-2.55756 -6.81757e-07 0 0.009736 0.176782
-2.54755 -7.45663e-07 0 0.00952623 0.182363
-2.53754 -8.15321e-07 0 0.00930358 0.188083
-2.52753 -8.91226e-07 0 0.0090681 0.193943
-2.51752 -9.73911e-07 0 0.00881984 0.199945
-2.50751 -1.06396e-06 0 0.00855888 0.206092
-2.4975 -1.16199e-06 0 0.00828532 0.212386
-2.48749 -1.26868e-06 0 0.0079993 0.218827
-2.47748 -1.38476e-06 0 0.00770095 0.225419
-2.46747 -1.51102e-06 0 0.00739046 0.232163
-2.45746 -1.64831e-06 0 0.00706803 0.239061
-2.44745 -1.79755e-06 0 0.00673388 0.246115
-2.43744 -1.95972e-06 0 0.00638826 0.253326
-2.42743 -2.1359e-06 0 0.00603145 0.260696
-2.41742 -2.32724e-06 0 0.00566376 0.268226
-2.40741 -2.53497e-06 0 0.00528552 0.275919
-2.3974 -2.76044e-06 0 0.00489708 0.283775
-2.38739 -3.00508e-06 0 0.00449883 0.291797
-2.37738 -3.27044e-06 0 0.00409118 0.299985
-2.36737 -3.55819e-06 0 0.00367456 0.308342
-2.35736 -3.87013e-06 0 0.00324945 0.316867
-2.34735 -4.20818e-06 0 0.00281634 0.325564
-2.33734 -4.57442e-06 0 0.00237575 0.334431
-2.32733 -4.97108e-06 0 0.00192822 0.343472
-2.31732 -5.40054e-06 0 0.00147432 0.352686
-2.30731 -5.86539e-06 0 0.00101465 0.362075
-2.2973 -6.36839e-06 0 0.000549837 0.371639
-2.28729 -6.91249e-06 0 8.053e-05 0.381379
-2.27728 -7.50088e-06 0 -0.000392598 0.391296
-2.26727 -8.13697e-06 0 -0.000868851 0.401391
-2.25726 -8.82441e-06 0 -0.00134751 0.411664
-2.24725 -9.56712e-06 0 -0.00182782 0.422115
-2.23724 -1.03693e-05 0 -0.00230902 0.432744
-2.22723 -1.12354e-05 0 -0.00279033 0.443552
-2.21722 -1.21704e-05 0 -0.00327094 0.454539
-2.20721 -1.31792e-05 0 -0.00375001 0.465705
-2.1972 -1.42675e-05 0 -0.00422671 0.47705
-2.18719 -1.54411e-05 0 -0.00470017 0.488573
-2.17718 -1.67064e-05 0 -0.00516951 0.500274
-2.16717 -1.807e-05 0 -0.00563384 0.512153
-2.15716 -1.95392e-05 0 -0.00609224 0.524209
-2.14715 -2.11216e-05 0 -0.00654381 0.536441
-2.13714 -2.28255e-05 0 -0.0069876 0.548848
-2.12713 -2.46596e-05 0 -0.00742267 0.56143
-2.11712 -2.66333e-05 0 -0.00784809 0.574185
-2.10711 -2.87564e-05 0 -0.00826288 0.587112
-2.0971 -3.10397e-05 0 -0.00866609 0.60021
-2.08709 -3.34944e-05 0 -0.00905676 0.613478
-2.07708 -3.61325e-05 0 -0.00943393 0.626913
-2.06707 -3.8967e-05 0 -0.00979662 0.640514
-2.05706 -4.20115e-05 0 -0.0101439 0.654278
-2.04705 -4.52806e-05 0 -0.0104747 0.668205
-2.03704 -4.87896e-05 0 -0.0107883 0.682291
-2.02703 -5.2555e-05 0 -0.0110835 0.696535
-2.01702 -5.65944e-05 0 -0.0113595 0.710933
-2.00701 -6.09262e-05 0 -0.0116154 0.725484
-1.997 -6.55702e-05 0 -0.0118502 0.740184
-1.98699 -7.05474e-05 0 -0.0120631 0.755031
-1.97698 -7.588e-05 0 -0.0122531 0.770022
-1.96697 -8.15915e-05 0 -0.0124195 0.785152
-1.95696 -8.77069e-05 0 -0.0125614 0.800419
-1.94695 -9.42528e-05 0 -0.012678 0.81582
-1.93694 -0.000101257 0 -0.0127685 0.831351
-1.92693 -0.00010875 0 -0.0128322 0.847007
-1.91692 -0.000116763 0 -0.0128683 0.862785
-1.90691 -0.000125328 0 -0.0128763 0.878681
-1.8969 -0.000134482 0 -0.0128553 0.894691
-1.88689 -0.000144262 0 -0.0128049 0.91081
-1.87688 -0.000154707 0 -0.0127244 0.927033
-1.86687 -0.000165859 0 -0.0126133 0.943357
-1.85686 -0.000177761 0 -0.0124712 0.959775
-1.84685 -0.000190461 0 -0.0122976 0.976283
-1.83684 -0.000204007 0 -0.0120922 0.992877
-1.82683 -0.000218451 0 -0.0118545 1.00955
-1.81682 -0.000233848 0 -0.0115843 1.0263
-1.80681 -0.000250255 0 -0.0112815 1.04311
-1.7968 -0.000267733 0 -0.0109457 1.05999
-1.78679 -0.000286345 0 -0.010577 1.07693
-1.77678 -0.000306158 0 -0.0101752 1.09392
-1.76677 -0.000327244 0 -0.00974038 1.11095
-1.75676 -0.000349677 0 -0.00927262 1.12802
-1.74675 -0.000373534 0 -0.00877206 1.14513
-1.73674 -0.000398898 0 -0.0082389 1.16226
-1.72673 -0.000425855 0 -0.00767341 1.17941
-1.71672 -0.000454495 0 -0.00707595 1.19658
-1.70671 -0.000484913 0 -0.00644694 1.21375
-1.6967 -0.000517209 0 -0.00578685 1.23092
-1.68669 -0.000551487 0 -0.00509627 1.24808
-1.67668 -0.000587857 0 -0.00437582 1.26523
-1.66667 -0.000626432 0 -0.00362621 1.28236
-1.65666 -0.000667332 0 -0.00284824 1.29946
-1.64665 -0.000710683 0 -0.00204277 1.31652
-1.63664 -0.000756616 0 -0.00121073 1.33355
-1.62663 -0.000805267 0 -0.000353136 1.35052
-1.61662 -0.000856779 0 0.00052891 1.36743
-1.60661 -0.000911301 0 0.00143424 1.38427
-1.5966 -0.000968988 0 0.00236162 1.40105
-1.58659 -0.00103 0 0.00330971 1.41774
-1.57658 -0.00109451 0 0.00427712 1.43434
-1.56657 -0.0011627 0 0.00526239 1.45085
-1.55656 -0.00123473 0 0.00626395 1.46725
-1.54655 -0.00131082 0 0.00728018 1.48354
-1.53654 -0.00139114 0 0.0083094 1.49972
-1.52653 -0.00147591 0 0.00934984 1.51576
-1.51652 -0.00156534 0 0.0103997 1.53167
-1.50651 -0.00165965 0 0.011457 1.54743
-1.4965 -0.00175907 0 0.0125198 1.56305
-1.48649 -0.00186383 0 0.013586 1.5785
-1.47648 -0.00197418 0 0.0146537 1.59379
-1.46647 -0.00209038 0 0.0157206 1.60891
-1.45646 -0.00221267 0 0.0167844 1.62384
-1.44645 -0.00234134 0 0.0178431 1.63858
-1.43644 -0.00247665 0 0.0188941 1.65313
-1.42643 -0.00261891 0 0.0199351 1.66747
-1.41642 -0.00276838 0 0.0209638 1.6816
-1.40641 -0.00292539 0 0.0219776 1.69551
-1.3964 -0.00309024 0 0.0229741 1.70919
-1.38639 -0.00326325 0 0.0239507 1.72263
-1.37638 -0.00344473 0 0.0249048 1.73583
-1.36637 -0.00363504 0 0.025834 1.74879
-1.35636 -0.0038345 0 0.0267354 1.76149
-1.34635 -0.00404346 0 0.0276066 1.77392
-1.33634 -0.00426228 0 0.0284448 1.78608
-1.32633 -0.00449131 0 0.0292474 1.79797
-1.31632 -0.00473092 0 0.0300117 1.80957
-1.30631 -0.00498148 0 0.0307351 1.82089
-1.2963 -0.00524337 0 0.0314149 1.8319
-1.28629 -0.00551696 0 0.0320485 1.84262
-1.27628 -0.00580263 0 0.0326332 1.85302
-1.26627 -0.00610077 0 0.0331665 1.86311
-1.25626 -0.00641176 0 0.0336457 1.87288
-1.24625 -0.00673598 0 0.0340684 1.88233
-1.23624 -0.00707383 0 0.0344319 1.89144
-1.22623 -0.00742568 0 0.034734 1.90022
-1.21622 -0.0077919 0 0.0349722 1.90865
-1.20621 -0.00817288 0 0.0351441 1.91674
-1.1962 -0.00856899 0 0.0352475 1.92448
-1.18619 -0.00898057 0 0.0352802 1.93186
-1.17618 -0.00940798 0 0.0352401 1.93888
-1.16617 -0.00985156 0 0.0351253 1.94553
-1.15616 -0.0103116 0 0.0349337 1.95182
-1.14615 -0.0107885 0 0.0346635 1.95774
-1.13614 -0.0112825 0 0.0343131 1.96328
-1.12613 -0.0117938 0 0.0338809 1.96844
-1.11612 -0.0123228 0 0.0333654 1.97322
-1.10611 -0.0128696 0 0.0327654 1.97761
-1.0961 -0.0134344 0 0.0320795 1.98162
-1.08609 -0.0140175 0 0.0313068 1.98523
-1.07608 -0.0146188 0 0.0304465 1.98846
-1.06607 -0.0152386 0 0.0294978 1.99129
-1.05606 -0.0158768 0 0.0284601 1.99373
-1.04605 -0.0165335 0 0.0273332 1.99576
-1.03604 -0.0172086 0 0.0261169 1.9974
-1.02603 -0.017902 0 0.0248112 1.99865
-1.01602 -0.0186136 0 0.0234164 1.99949
-1.00601 -0.0193432 0 0.0219328 1.99993
-0.995996 -0.0200904 0 0.0203612 1.99997
-0.985986 -0.020855 0 0.0187024 1.99961
-0.975976 -0.0216364 0 0.0169576 1.99885
-0.965966 -0.0224342 0 0.0151282 1.99768
-0.955956 -0.0232478 0 0.0132157 1.99612
-0.945946 -0.0240765 0 0.011222 1.99416
-0.935936 -0.0249195 0 0.00914927 1.99181
-0.925926 -0.025776 0 0.00699984 1.98906
-0.915916 -0.0266448 0 0.00477639 1.98591
-0.905906 -0.0275251 0 0.00248184 1.98237
-0.895896 -0.0284154 0 0.000119421 1.97844
-0.885886 -0.0293145 0 -0.00230738 1.97412
-0.875876 -0.0302209 0 -0.00479476 1.96942
-0.865866 -0.0311329 0 -0.00733864 1.96434
-0.855856 -0.0320489 0 -0.00993465 1.95887
-0.845846 -0.0329668 0 -0.0125781 1.95303
-0.835836 -0.0338847 0 -0.015264 1.94682
-0.825826 -0.0348003 0 -0.017987 1.94024
-0.815816 -0.0357112 0 -0.0207416 1.93329
-0.805806 -0.0366148 0 -0.0235218 1.92598
-0.795796 -0.0375084 0 -0.0263215 1.91832
-0.785786 -0.038389 0 -0.0291341 1.9103
-0.775776 -0.0392536 0 -0.0319527 1.90193
-0.765766 -0.0400987 0 -0.0347702 1.89322
-0.755756 -0.040921 0 -0.0375792 1.88418
-0.745746 -0.0417165 0 -0.040372 1.8748
-0.735736 -0.0424815 0 -0.0431404 1.86509
-0.725726 -0.0432117 0 -0.0458762 1.85507
-0.715716 -0.0439027 0 -0.0485707 1.84472
-0.705706 -0.0445499 0 -0.051215 1.83407
-0.695696 -0.0451486 0 -0.0538 1.82311
-0.685686 -0.0456936 0 -0.0563161 1.81186
-0.675676 -0.0461796 0 -0.0587537 1.80031
-0.665666 -0.0466011 0 -0.0611028 1.78848
-0.655656 -0.0469524 0 -0.0633532 1.77637
-0.645646 -0.0472274 0 -0.0654945 1.76399
-0.635636 -0.0474199 0 -0.0675161 1.75135
-0.625626 -0.0475234 0 -0.0694072 1.73844
-0.615616 -0.0475312 0 -0.0711566 1.72529
-0.605606 -0.0474364 0 -0.0727532 1.71189
-0.595596 -0.0472317 0 -0.0741857 1.69826
-0.585586 -0.04691 0 -0.0754425 1.6844
-0.575576 -0.0464634 0 -0.0765122 1.67031
-0.565566 -0.0458842 0 -0.0773829 1.65601
-0.555556 -0.0451644 0 -0.0780428 1.64151
-0.545546 -0.0442957 0 -0.0784802 1.62681
-0.535536 -0.0432697 0 -0.0786831 1.61191
-0.525526 -0.042078 0 -0.0786397 1.59683
-0.515516 -0.0407116 0 -0.0783381 1.58158
-0.505506 -0.0391617 0 -0.0777664 1.56615
-0.495495 -0.0374193 0 -0.0769128 1.55057
-0.485485 -0.0354752 0 -0.0757656 1.53483
-0.475475 -0.0333201 0 -0.0743134 1.51895
-0.465465 -0.0309446 0 -0.0725445 1.50294
-0.455455 -0.0283394 0 -0.0704477 1.48679
-0.445445 -0.0254949 0 -0.068012 1.47052
-0.435435 -0.0224015 0 -0.0652266 1.45414
-0.425425 -0.0190499 0 -0.0620808 1.43765
-0.415415 -0.0154304 0 -0.0585643 1.42107
-0.405405 -0.0115336 0 -0.0546672 1.40439
-0.395395 -0.00735008 0 -0.0503799 1.38763
-0.385385 -0.00287048 0 -0.0456931 1.3708
-0.375375 0.00191438 0 -0.0405981 1.3539
-0.365365 0.00701356 0 -0.0350863 1.33694
-0.355355 0.0124359 0 -0.0291501 1.31993
-0.345345 0.0181902 0 -0.0227819 1.30288
-0.335335 0.0242847 0 -0.015975 1.28578
-0.325325 0.0307278 0 -0.00872308 1.26866
-0.315315 0.0375271 0 -0.00102048 1.25151
-0.305305 0.0446903 0 0.00713781 1.23435
-0.295295 0.0522244 0 0.0157562 1.21718
-0.285285 0.0601362 0 0.0248382 1.20001
-0.275275 0.0684321 0 0.034387 1.18284
-0.265265 0.0771178 0 0.0444046 1.16569
-0.255255 0.0861986 0 0.0548925 1.14855
-0.245245 0.0956794 0 0.0658513 1.13144
-0.235235 0.105564 0 0.0772809 1.11436
-0.225225 0.115857 0 0.0891802 1.09732
-0.215215 0.12656 0 0.101547 1.08032
-0.205205 0.137676 0 0.114379 1.06338
-0.195195 0.149206 0 0.127673 1.04648
-0.185185 0.161151 0 0.141423 1.02966
-0.175175 0.173511 0 0.155625 1.01289
-0.165165 0.186286 0 0.170271 0.996205
-0.155155 0.199473 0 0.185354 0.979595
-0.145145 0.21307 0 0.200867 0.96307
-0.135135 0.227074 0 0.216799 0.946633
-0.125125 0.241481 0 0.233141 0.93029
-0.115115 0.256284 0 0.249881 0.914046
-0.105105 0.271479 0 0.267006 0.897906
-0.0950951 0.287057 0 0.284504 0.881874
-0.0850851 0.303011 0 0.302361 0.865955
-0.0750751 0.319331 0 0.320561 0.850153
-0.0650651 0.336007 0 0.339088 0.834472
-0.0550551 0.353029 0 0.357926 0.818916
-0.045045 0.370384 0 0.377057 0.803489
-0.035035 0.388058 0 0.396461 0.788195
-0.025025 0.406037 0 0.416119 0.773036
-0.015015 0.424307 0 0.436012 0.758018
-0.00500501 0.442851 0 0.456116 0.743142
0.00500501 0.461652 1 0.476412 0.728412
0.015015 0.480691 1 0.496875 0.713832
0.025025 0.499949 1 0.517483 0.699402
0.035035 0.519407 1 0.538211 0.685127
0.045045 0.539042 1 0.559035 0.67101
0.0550551 0.558834 1 0.579929 0.657051
0.0650651 0.578759 1 0.600867 0.643253
0.0750751 0.598793 1 0.621824 0.62962
0.0850851 0.618913 1 0.642771 0.616151
0.0950951 0.639093 1 0.663683 0.60285
0.105105 0.659308 1 0.68453 0.589718
0.115115 0.67953 1 0.705287 0.576757
0.125125 0.699733 1 0.725924 0.563967
0.135135 0.719889 1 0.746414 0.55135
0.145145 0.739969 1 0.766727 0.538908
0.155155 0.759946 1 0.786836 0.526641
0.165165 0.77979 1 0.806712 0.51455
0.175175 0.799473 1 0.826328 0.502636
0.185185 0.818964 1 0.845654 0.490899
0.195195 0.838234 1 0.864662 0.47934
0.205205 0.857253 1 0.883326 0.46796
0.215215 0.875991 1 0.901617 0.456758
0.225225 0.894419 1 0.919508 0.445735
0.235235 0.912507 1 0.936974 0.434891
0.245245 0.930225 1 0.953987 0.424226
0.255255 0.947545 1 0.970522 0.41374
0.265265 0.964437 1 0.986554 0.403431
0.275275 0.980873 1 1.00206 0.393301
0.285285 0.996826 1 1.01701 0.383348
0.295295 1.01227 1 1.0314 0.373573
0.305305 1.02717 1 1.04518 0.363973
0.315315 1.04151 1 1.05835 0.35455
0.325325 1.05526 1 1.07089 0.345301
0.335335 1.06839 1 1.08277 0.336225
0.345345 1.08089 1 1.09397 0.327323
0.355355 1.09273 1 1.10449 0.318593
0.365365 1.10389 1 1.1143 0.310033
0.375375 1.11434 1 1.12339 0.301643
0.385385 1.12408 1 1.13174 0.293421
0.395395 1.13307 1 1.13935 0.285366
0.405405 1.14132 1 1.1462 0.277477
0.415415 1.14879 1 1.15229 0.269752
0.425425 1.15547 1 1.15759 0.262189
0.435435 1.16136 1 1.16212 0.254787
0.445445 1.16644 1 1.16586 0.247544
0.455455 1.1707 1 1.1688 0.24046
0.465465 1.17414 1 1.17095 0.233531
0.475475 1.17674 1 1.1723 0.226756
0.485485 1.17851 1 1.17286 0.220134
0.495495 1.17943 1 1.17262 0.213662
0.505506 1.17952 1 1.17158 0.207339
0.515516 1.17876 1 1.16975 0.201163
0.525526 1.17715 1 1.16714 0.195132
0.535536 1.17471 1 1.16374 0.189243
0.545546 1.17143 1 1.15958 0.183496
0.555556 1.16733 1 1.15465 0.177887
0.565566 1.1624 1 1.14897 0.172415
0.575576 1.15666 1 1.14254 0.167079
0.585586 1.15012 1 1.13539 0.161874
0.595596 1.14279 1 1.12752 0.156801
0.605606 1.13469 1 1.11895 0.151856
0.615616 1.12582 1 1.1097 0.147038
0.625626 1.11621 1 1.09977 0.142344
0.635636 1.10587 1 1.0892 0.137772
0.645646 1.09482 1 1.078 0.13332
0.655656 1.08309 1 1.06618 0.128986
0.665666 1.07068 1 1.05377 0.124769
0.675676 1.05763 1 1.04079 0.120664
0.685686 1.04396 1 1.02726 0.116672
0.695696 1.02969 1 1.01321 0.112789
0.705706 1.01485 1 0.99865 0.109013
0.715716 0.999455 1 0.983613 0.105343
0.725726 0.983544 1 0.968121 0.101776
0.735736 0.967139 1 0.952198 0.0983098
0.745746 0.950268 1 0.935871 0.0949428
0.755756 0.932959 1 0.919163 0.0916727
0.765766 0.915242 1 0.9021 0.0884974
0.775776 0.897145 1 0.884709 0.0854151
0.785786 0.878699 1 0.867016 0.0824236
0.795796 0.859931 1 0.849045 0.0795209
0.805806 0.840874 1 0.830824 0.0767051
0.815816 0.821556 1 0.812378 0.0739741
0.825826 0.802007 1 0.793734 0.0713261
0.835836 0.782257 1 0.774917 0.0687591
0.845846 0.762336 1 0.755952 0.0662712
0.855856 0.742273 1 0.736866 0.0638605
0.865866 0.722097 1 0.717683 0.0615252
0.875876 0.701838 1 0.698427 0.0592634
0.885886 0.681524 1 0.679124 0.0570733
0.895896 0.661182 1 0.659797 0.0549532
0.905906 0.64084 1 0.64047 0.0529012
0.915916 0.620525 1 0.621165 0.0509156
0.925926 0.600264 1 0.601905 0.0489947
0.935936 0.580081 1 0.582712 0.0471368
0.945946 0.560002 1 0.563607 0.0453403
0.955956 0.54005 1 0.54461 0.0436036
0.965966 0.520249 1 0.525741 0.0419249
0.975976 0.500621 1 0.507021 0.0403028
0.985986 0.481188 1 0.488466 0.0387357
0.995996 0.461971 1 0.470095 0.0372221
1.00601 0.442988 0 0.451924 0.0357604
1.01602 0.424259 0 0.433971 0.0343493
1.02603 0.405801 0 0.416249 0.0329872
1.03604 0.387632 0 0.398774 0.0316728
1.04605 0.369766 0 0.38156 0.0304047
1.05606 0.352219 0 0.364619 0.0291815
1.06607 0.335003 0 0.347964 0.0280019
1.07608 0.318133 0 0.331606 0.0268646
1.08609 0.301619 0 0.315555 0.0257684
1.0961 0.285473 0 0.299821 0.0247119
1.10611 0.269703 0 0.284413 0.0236939
1.11612 0.254318 0 0.269338 0.0227134
1.12613 0.239326 0 0.254605 0.0217691
1.13614 0.224733 0 0.240219 0.0208598
1.14615 0.210545 0 0.226187 0.0199845
1.15616 0.196767 0 0.212512 0.0191422
1.16617 0.183403 0 0.199199 0.0183316
1.17618 0.170455 0 0.186253 0.0175519
1.18619 0.157925 0 0.173674 0.0168019
1.1962 0.145814 0 0.161466 0.0160808
1.20621 0.134124 0 0.149629 0.0153875
1.21622 0.122852 0 0.138164 0.0147212
1.22623 0.111998 0 0.127071 0.0140809
1.23624 0.101561 0 0.11635 0.0134658
1.24625 0.0915361 0 0.106 0.0128749
1.25626 0.0819214 0 0.0960175 0.0123075
1.26627 0.0727124 0 0.0864018 0.0117628
1.27628 0.0639047 0 0.0771496 0.0112399
1.28629 0.055493 0 0.0682576 0.0107381
1.2963 0.0474716 0 0.059722 0.0102566
1.30631 0.0398343 0 0.0515387 0.00979482
1.31632 0.0325745 0 0.043703 0.00935192
1.32633 0.0256851 0 0.03621 0.00892725
1.33634 0.0191585 0 0.0290542 0.00852016
1.34635 0.012987 0 0.02223 0.00813
1.35636 0.00716245 0 0.0157313 0.00775616
1.36637 0.00167633 0 0.00955198 0.00739802
1.37638 -0.00348002 0 0.00368541 0.00705501
1.38639 -0.00831552 0 -0.00187518 0.00672655
1.3964 -0.0128393 0 -0.00713676 0.0064121
1.40641 -0.0170606 0 -0.0121065 0.00611112
1.41642 -0.0209888 0 -0.0167917 0.00582311
1.42643 -0.0246335 0 -0.0211999 0.00554755
1.43644 -0.0280042 0 -0.0253386 0.00528398
1.44645 -0.0311106 0 -0.0292155 0.00503192
1.45646 -0.0339623 0 -0.0328385 0.00479093
1.46647 -0.036569 0 -0.0362152 0.00456056
1.47648 -0.0389404 0 -0.0393536 0.0043404
1.48649 -0.0410859 0 -0.0422615 0.00413004
1.4965 -0.0430152 0 -0.0449468 0.00392909
1.50651 -0.0447376 0 -0.0474174 0.00373717
1.51652 -0.0462626 0 -0.0496811 0.00355391
1.52653 -0.0475994 0 -0.0517457 0.00337895
1.53654 -0.0487569 0 -0.053619 0.00321197
1.54655 -0.0497443 0 -0.0553086 0.00305263
1.55656 -0.0505701 0 -0.056822 0.00290061
1.56657 -0.0512432 0 -0.0581669 0.00275561
1.57658 -0.0517718 0 -0.0593505 0.00261733
1.58659 -0.0521641 0 -0.0603801 0.0024855
1.5966 -0.0524283 0 -0.0612629 0.00235983
1.60661 -0.0525721 0 -0.0620059 0.00224006
1.61662 -0.052603 0 -0.0626159 0.00212595
1.62663 -0.0525285 0 -0.0630997 0.00201725
1.63664 -0.0523557 0 -0.0634639 0.00191372
1.64665 -0.0520915 0 -0.0637148 0.00181514
1.65666 -0.0517425 0 -0.0638588 0.0017213
1.66667 -0.0513152 0 -0.0639018 0.00163198
1.67668 -0.0508157 0 -0.0638499 0.00154698
1.68669 -0.0502501 0 -0.0637088 0.00146612
1.6967 -0.049624 0 -0.063484 0.0013892
1.70671 -0.0489428 0 -0.063181 0.00131606
1.71672 -0.0482119 0 -0.0628049 0.00124652
1.72673 -0.0474362 0 -0.0623608 0.00118041
1.73674 -0.0466205 0 -0.0618535 0.00111759
1.74675 -0.0457693 0 -0.0612878 0.0010579
1.75676 -0.044887 0 -0.0606682 0.0010012
1.76677 -0.0439776 0 -0.0599989 0.000947341
1.77678 -0.043045 0 -0.0592842 0.000896204
1.78679 -0.0420928 0 -0.058528 0.000847658
1.7968 -0.0411246 0 -0.0577341 0.000801581
1.80681 -0.0401435 0 -0.0569063 0.000757856
1.81682 -0.0391527 0 -0.0560479 0.000716373
1.82683 -0.0381549 0 -0.0551622 0.000677025
1.83684 -0.0371529 0 -0.0542526 0.00063971
1.84685 -0.0361491 0 -0.0533219 0.00060433
1.85686 -0.0351459 0 -0.052373 0.000570793
1.86687 -0.0341454 0 -0.0514086 0.000539009
1.87688 -0.0331497 0 -0.0504312 0.000508893
1.88689 -0.0321604 0 -0.0494434 0.000480363
1.8969 -0.0311795 0 -0.0484473 0.000453342
1.90691 -0.0302083 0 -0.0474452 0.000427755
1.91692 -0.0292484 0 -0.046439 0.000403531
1.92693 -0.0283009 0 -0.0454306 0.000380603
1.93694 -0.0273671 0 -0.0444219 0.000358906
1.94695 -0.0264479 0 -0.0434144 0.000338377
1.95696 -0.0255444 0 -0.0424097 0.000318959
1.96697 -0.0246573 0 -0.0414093 0.000300595
1.97698 -0.0237873 0 -0.0404145 0.000283232
1.98699 -0.0229351 0 -0.0394266 0.000266818
1.997 -0.0221012 0 -0.0384466 0.000251305
2.00701 -0.0212861 0 -0.0374756 0.000236646
2.01702 -0.0204901 0 -0.0365147 0.000222798
2.02703 -0.0197135 0 -0.0355646 0.000209718
2.03704 -0.0189566 0 -0.0346262 0.000197367
2.04705 -0.0182195 0 -0.0337002 0.000185705
2.05706 -0.0175023 0 -0.0327872 0.000174698
2.06707 -0.0168051 0 -0.0318879 0.00016431
2.07708 -0.0161279 0 -0.0310028 0.000154509
2.08709 -0.0154706 0 -0.0301323 0.000145264
2.0971 -0.0148331 0 -0.0292768 0.000136544
2.10711 -0.0142153 0 -0.0284367 0.000128322
2.11712 -0.013617 0 -0.0276122 0.000120571
2.12713 -0.013038 0 -0.0268037 0.000113265
2.13714 -0.012478 0 -0.0260113 0.000106381
2.14715 -0.0119369 0 -0.0252351 9.98953e-05
2.15716 -0.0114143 0 -0.0244754 9.37861e-05
2.16717 -0.0109099 0 -0.0237321 8.80328e-05
2.17718 -0.0104234 0 -0.0230054 8.2616e-05
2.18719 -0.00995441 0 -0.0222952 7.75169e-05
2.1972 -0.0095026 0 -0.0216015 7.27179e-05
2.20721 -0.00906758 0 -0.0209243 6.82024e-05
2.21722 -0.00864898 0 -0.0202635 6.39545e-05
2.22723 -0.00824641 0 -0.019619 5.99591e-05
2.23724 -0.00785946 0 -0.0189907 5.6202e-05
2.24725 -0.00748773 0 -0.0183785 5.26698e-05
2.25726 -0.00713081 0 -0.0177821 4.93498e-05
2.26727 -0.0067883 0 -0.0172015 4.62297e-05
2.27728 -0.00645978 0 -0.0166364 4.32982e-05
2.28729 -0.00614484 0 -0.0160867 4.05445e-05
2.2973 -0.00584306 0 -0.0155521 3.79583e-05
2.30731 -0.00555405 0 -0.0150324 3.553e-05
2.31732 -0.00527739 0 -0.0145274 3.32503e-05
2.32733 -0.00501268 0 -0.0140367 3.11107e-05
2.33734 -0.00475953 0 -0.0135603 2.91029e-05
2.34735 -0.00451754 0 -0.0130978 2.72192e-05
2.35736 -0.00428632 0 -0.0126489 2.54524e-05
2.36737 -0.0040655 0 -0.0122135 2.37955e-05
2.37738 -0.00385471 0 -0.0117911 2.22419e-05
2.38739 -0.00365356 0 -0.0113816 2.07857e-05
2.3974 -0.00346171 0 -0.0109847 1.94209e-05
2.40741 -0.00327881 0 -0.0106001 1.81421e-05
2.41742 -0.00310451 0 -0.0102274 1.6944e-05
2.42743 -0.00293847 0 -0.00986655 1.5822e-05
2.43744 -0.00278038 0 -0.00951713 1.47712e-05
2.44745 -0.0026299 0 -0.00917889 1.37875e-05
2.45746 -0.00248674 0 -0.00885155 1.28667e-05
2.46747 -0.00235059 0 -0.00853484 1.2005e-05
2.47748 -0.00222116 0 -0.00822849 1.11988e-05
2.48749 -0.00209816 0 -0.00793224 1.04446e-05
2.4975 -0.00198133 0 -0.0076458 9.7393e-06
2.50751 -0.00187039 0 -0.00736892 9.07977e-06
2.51752 -0.00176509 0 -0.00710134 8.46321e-06
2.52753 -0.00166518 0 -0.0068428 7.88693e-06
2.53754 -0.00157042 0 -0.00659305 7.34842e-06
2.54755 -0.00148058 0 -0.00635183 6.84531e-06
2.55756 -0.00139543 0 -0.0061189 6.37537e-06
2.56757 -0.00131476 0 -0.00589402 5.9365e-06
2.57758 -0.00123836 0 -0.00567695 5.52673e-06
2.58759 -0.00116603 0 -0.00546747 5.14422e-06
2.5976 -0.00109759 0 -0.00526533 4.78722e-06
2.60761 -0.00103283 0 -0.00507032 4.4541e-06
2.61762 -0.000971594 0 -0.00488222 4.14333e-06
2.62763 -0.000913701 0 -0.00470081 3.85348e-06
2.63764 -0.000858992 0 -0.00452589 3.58318e-06
2.64765 -0.000807308 0 -0.00435725 3.33117e-06
2.65766 -0.000758499 0 -0.00419469 3.09627e-06
2.66767 -0.000712421 0 -0.00403801 2.87736e-06
2.67768 -0.000668936 0 -0.00388703 2.67338e-06
2.68769 -0.000627913 0 -0.00374155 2.48337e-06
2.6977 -0.000589225 0 -0.00360141 2.3064e-06
2.70771 -0.000552752 0 -0.00346641 2.14162e-06
2.71772 -0.000518379 0 -0.00333639 1.98821e-06
2.72773 -0.000485995 0 -0.00321118 1.84541e-06
2.73774 -0.000455496 0 -0.00309062 1.71253e-06
2.74775 -0.000426782 0 -0.00297456 1.5889e-06
2.75776 -0.000399756 0 -0.00286282 1.4739e-06
2.76777 -0.000374329 0 -0.00275528 1.36695e-06
2.77778 -0.000350414 0 -0.00265178 1.26751e-06
2.78779 -0.000327927 0 -0.00255217 1.17506e-06
2.7978 -0.000306791 0 -0.00245633 1.08914e-06
2.80781 -0.000286932 0 -0.00236413 1.0093e-06
2.81782 -0.000268277 0 -0.00227542 9.35125e-07
2.82783 -0.00025076 0 -0.00219009 8.66227e-07
2.83784 -0.000234317 0 -0.00210802 8.02245e-07
2.84785 -0.000218887 0 -0.00202908 7.42839e-07
2.85786 -0.000204411 0 -0.00195317 6.87695e-07
2.86787 -0.000190836 0 -0.00188018 6.36517e-07
2.87788 -0.00017811 0 -0.00180999 5.89029e-07
2.88789 -0.000166182 0 -0.00174251 5.44975e-07
2.8979 -0.000155008 0 -0.00167763 5.04115e-07
2.90791 -0.000144541 0 -0.00161526 4.66225e-07
2.91792 -0.000134742 0 -0.0015553 4.31097e-07
2.92793 -0.000125569 0 -0.00149767 3.98535e-07
2.93794 -0.000116987 0 -0.00144228 3.68359e-07
2.94795 -0.000108958 0 -0.00138903 3.404e-07
2.95796 -0.000101451 0 -0.00133786 3.14499e-07
2.96797 -9.44328e-05 0 -0.00128869 2.90512e-07
2.97798 -8.78742e-05 0 -0.00124143 2.683e-07
2.98799 -8.17469e-05 0 -0.00119601 2.47736e-07
2.998 -7.60244e-05 0 -0.00115236 2.28703e-07
3.00801 -7.06817e-05 0 -0.00111042 2.1109e-07
3.01802 -6.5695e-05 0 -0.00107012 1.94794e-07
3.02803 -6.10421e-05 0 -0.00103139 1.79721e-07
3.03804 -5.67021e-05 0 -0.000994176 1.6578e-07
3.04805 -5.26551e-05 0 -0.000958415 1.5289e-07
3.05806 -4.88825e-05 0 -0.000924051 1.40974e-07
3.06807 -4.53669e-05 0 -0.00089103 1.29961e-07
3.07808 -4.20917e-05 0 -0.000859299 1.19784e-07
3.08809 -3.90415e-05 0 -0.000828806 1.10382e-07
3.0981 -3.62017e-05 0 -0.000799502 1.01698e-07
3.10811 -3.35586e-05 0 -0.000771342 9.36778e-08
3.11812 -3.10992e-05 0 -0.000744278 8.6273e-08
3.12813 -2.88117e-05 0 -0.000718267 7.94375e-08
3.13814 -2.66846e-05 0 -0.000693268 7.31291e-08
3.14815 -2.47072e-05 0 -0.000669239 6.73081e-08
3.15816 -2.28697e-05 0 -0.000646142 6.1938e-08
3.16817 -2.11626e-05 0 -0.00062394 5.69849e-08
3.17818 -1.95772e-05 0 -0.000602595 5.24175e-08
3.18819 -1.81052e-05 0 -0.000582075 4.82064e-08
3.1982 -1.6739e-05 0 -0.000562344 4.43248e-08
3.20821 -1.54713e-05 0 -0.000543372 4.07476e-08
3.21822 -1.42955e-05 0 -0.000525128 3.74515e-08
3.22823 -1.32051e-05 0 -0.000507582 3.44152e-08
3.23824 -1.21944e-05 0 -0.000490706 3.16187e-08
3.24825 -1.12577e-05 0 -0.000474473 2.90436e-08
3.25826 -1.03899e-05 0 -0.000458856 2.66729e-08
3.26827 -9.58615e-06 0 -0.000443831 2.44908e-08
3.27828 -8.84201e-06 0 -0.000429372 2.24827e-08
3.28829 -8.15325e-06 0 -0.000415458 2.06352e-08
3.2983 -7.51594e-06 0 -0.000402066 1.89356e-08
3.30831 -6.92641e-06 0 -0.000389175 1.73726e-08
3.31832 -6.38125e-06 0 -0.000376763 1.59354e-08
3.32833 -5.87727e-06 0 -0.000364813 1.46141e-08
3.33834 -5.41151e-06 0 -0.000353304 1.33997e-08
3.34835 -4.98121e-06 0 -0.000342219 1.22838e-08
3.35836 -4.58377e-06 0 -0.000331541 1.12585e-08
3.36837 -4.21681e-06 0 -0.000321253 1.03168e-08
3.37838 -3.87809e-06 0 -0.000311339 9.4519e-09
3.38839 -3.56554e-06 0 -0.000301784 8.6578e-09
3.3984 -3.27721e-06 0 -0.000292573 7.92882e-09
3.40841 -3.01132e-06 0 -0.000283692 7.25977e-09
3.41842 -2.76619e-06 0 -0.000275129 6.64584e-09
3.42843 -2.54027e-06 0 -0.000266869 6.08261e-09
3.43844 -2.33211e-06 0 -0.000258901 5.566e-09
3.44845 -2.14039e-06 0 -0.000251213 5.09225e-09
3.45846 -1.96385e-06 0 -0.000243794 4.65788e-09
3.46847 -1.80135e-06 0 -0.000236633 4.25972e-09
3.47848 -1.65181e-06 0 -0.000229719 3.8948e-09
3.48849 -1.51424e-06 0 -0.000223044 3.56044e-09
3.4985 -1.38772e-06 0 -0.000216596 3.25413e-09
3.50851 -1.2714e-06 0 -0.000210367 2.97357e-09
3.51852 -1.16449e-06 0 -0.000204349 2.71666e-09
3.52853 -1.06625e-06 0 -0.000198532 2.48145e-09
3.53854 -9.7602e-07 0 -0.00019291 2.26615e-09
3.54855 -8.93161e-07 0 -0.000187474 2.06911e-09
3.55856 -8.17098e-07 0 -0.000182218 1.88883e-09
3.56857 -7.47293e-07 0 -0.000177133 1.72391e-09
3.57858 -6.83252e-07 0 -0.000172214 1.57307e-09
3.58859 -6.24516e-07 0 -0.000167454 1.43515e-09
3.5986 -5.70662e-07 0 -0.000162846 1.30905e-09
3.60861 -5.21299e-07 0 -0.000158386 1.1938e-09
3.61862 -4.76067e-07 0 -0.000154067 1.08847e-09
3.62863 -4.34632e-07 0 -0.000149884 9.9224e-10
3.63864 -3.96687e-07 0 -0.000145832 9.04335e-10
3.64865 -3.61949e-07 0 -0.000141906 8.24052e-10
3.65866 -3.30157e-07 0 -0.000138101 7.50746e-10
3.66867 -3.01068e-07 0 -0.000134413 6.83824e-10
3.67868 -2.74463e-07 0 -0.000130837 6.22743e-10
3.68869 -2.50135e-07 0 -0.000127369 5.67004e-10
3.6987 -2.27896e-07 0 -0.000124005 5.16151e-10
3.70871 -2.07575e-07 0 -0.000120742 4.69764e-10
3.71872 -1.89009e-07 0 -0.000117576 4.27461e-10
3.72873 -1.72054e-07 0 -0.000114502 3.88889e-10
3.73874 -1.56574e-07 0 -0.000111519 3.53726e-10
3.74875 -1.42445e-07 0 -0.000108623 3.21679e-10
3.75876 -1.29553e-07 0 -0.00010581 2.92476e-10
3.76877 -1.17794e-07 0 -0.000103078 2.65871e-10
3.77878 -1.0707e-07 0 -0.000100424 2.41638e-10
3.78879 -9.72943e-08 0 -9.78458e-05 2.1957e-10
3.7988 -8.83852e-08 0 -9.53398e-05 1.99477e-10
3.80881 -8.02683e-08 0 -9.2904e-05 1.81186e-10
3.81882 -7.28755e-08 0 -9.0536e-05 1.6454e-10
3.82883 -6.61443e-08 0 -8.82336e-05 1.49393e-10
3.83884 -6.00172e-08 0 -8.59946e-05 1.35613e-10
3.84885 -5.44417e-08 0 -8.38169e-05 1.2308e-10
3.85886 -4.93697e-08 0 -8.16984e-05 1.11682e-10
3.86887 -4.47571e-08 0 -7.96372e-05 1.0132e-10
3.87888 -4.05636e-08 0 -7.76316e-05 9.19007e-11
3.88889 -3.67523e-08 0 -7.56796e-05 8.33404e-11
3.8989 -3.32893e-08 0 -7.37797e-05 7.55623e-11
3.90891 -3.01438e-08 0 -7.19301e-05 6.84964e-11
3.91892 -2.72875e-08 0 -7.01293e-05 6.20788e-11
3.92893 -2.46946e-08 0 -6.83758e-05 5.62512e-11
3.93894 -2.23416e-08 0 -6.66681e-05 5.09605e-11
3.94895 -2.02068e-08 0 -6.50049e-05 4.61581e-11
3.95896 -1.82707e-08 0 -6.33847e-05 4.17999e-11
3.96897 -1.65153e-08 0 -6.18063e-05 3.78456e-11
3.97898 -1.49241e-08 0 -6.02685e-05 3.42586e-11
3.98899 -1.34823e-08 0 -5.877e-05 3.10053e-11
3.999 -1.21762e-08 0 -5.73096e-05 2.80553e-11
4.00901 -1.09935e-08 0 -5.58864e-05 2.53809e-11
4.01902 -9.92268e-09 0 -5.44992e-05 2.29569e-11
4.02903 -8.95357e-09 0 -5.31469e-05 2.07602e-11
4.03904 -8.07674e-09 0 -5.18286e-05 1.87699e-11
4.04905 -7.28365e-09 0 -5.05434e-05 1.6967e-11
4.05906 -6.56651e-09 0 -4.92902e-05 1.53343e-11
4.06907 -5.91824e-09 0 -4.80683e-05 1.38558e-11
4.07908 -5.33242e-09 0 -4.68767e-05 1.25175e-11
4.08909 -4.80317e-09 0 -4.57146e-05 1.13061e-11
4.0991 -4.32519e-09 0 -4.45812e-05 1.02099e-11
4.10911 -3.89363e-09 0 -4.34758e-05 9.21813e-12
4.11912 -3.50411e-09 0 -4.23975e-05 8.32104e-12
4.12913 -3.15263e-09 0 -4.13458e-05 7.50975e-12
4.13914 -2.83558e-09 0 -4.03197e-05 6.7762e-12
4.14915 -2.54966e-09 0 -3.93188e-05 6.11308e-12
4.15916 -2.29191e-09 0 -3.83423e-05 5.51375e-12
4.16917 -2.0596e-09 0 -3.73896e-05 4.97218e-12
4.17918 -1.8503e-09 0 -3.646e-05 4.48291e-12
4.18919 -1.66179e-09 0 -3.55531e-05 4.04097e-12
4.1992 -1.49204e-09 0 -3.46681e-05 3.64187e-12
4.20921 -1.33924e-09 0 -3.38046e-05 3.28152e-12
4.21922 -1.20174e-09 0 -3.2962e-05 2.95624e-12
4.22923 -1.07804e-09 0 -3.21398e-05 2.66267e-12
4.23924 -9.66787e-10 0 -3.13374e-05 2.39777e-12
4.24925 -8.66763e-10 0 -3.05544e-05 2.1588e-12
4.25926 -7.7686e-10 0 -2.97903e-05 1.94325e-12
4.26927 -6.96078e-10 0 -2.90447e-05 1.74887e-12
4.27928 -6.23514e-10 0 -2.8317e-05 1.57362e-12
4.28929 -5.5835e-10 0 -2.76069e-05 1.41565e-12
4.2993 -4.99851e-10 0 -2.69138e-05 1.27328e-12
4.30931 -4.4735e-10 0 -2.62375e-05 1.145e-12
4.31932 -4.00246e-10 0 -2.55774e-05 1.02944e-12
4.32933 -3.57996e-10 0 -2.49333e-05 9.2535e-13
4.33934 -3.20113e-10 0 -2.43046e-05 8.31623e-13
4.34935 -2.86155e-10 0 -2.36911e-05 7.47239e-13
4.35936 -2.55725e-10 0 -2.30924e-05 6.71283e-13
4.36937 -2.28463e-10 0 -2.25081e-05 6.02927e-13
4.37938 -2.04048e-10 0 -2.19378e-05 5.41423e-13
4.38939 -1.82189e-10 0 -2.13814e-05 4.86096e-13
4.3994 -1.62624e-10 0 -2.08383e-05 4.36335e-13
4.40941 -1.45117e-10 0 -2.03084e-05 3.91589e-13
4.41942 -1.29457e-10 0 -1.97912e-05 3.51362e-13
4.42943 -1.15453e-10 0 -1.92866e-05 3.15204e-13
4.43944 -1.02934e-10 0 -1.87941e-05 2.8271e-13
4.44945 -9.17459e-11 0 -1.83136e-05 2.53515e-13
4.45946 -8.17496e-11 0 -1.78447e-05 2.2729e-13
4.46947 -7.28212e-11 0 -1.73872e-05 2.03736e-13
4.47948 -6.48489e-11 0 -1.69407e-05 1.82587e-13
4.48949 -5.77324e-11 0 -1.65051e-05 1.63601e-13
4.4995 -5.13819e-11 0 -1.60801e-05 1.46559e-13
4.50951 -4.57166e-11 0 -1.56655e-05 1.31266e-13
4.51952 -4.0664e-11 0 -1.52609e-05 1.17546e-13
4.52953 -3.61592e-11 0 -1.48662e-05 1.05238e-13
4.53954 -3.2144e-11 0 -1.44812e-05 9.42005e-14
4.54955 -2.85664e-11 0 -1.41055e-05 8.43035e-14
4.55956 -2.53795e-11 0 -1.3739e-05 7.54312e-14
4.56957 -2.25415e-11 0 -1.33816e-05 6.74791e-14
4.57958 -2.0015e-11 0 -1.30328e-05 6.03533e-14
4.58959 -1.77665e-11 0 -1.26927e-05 5.39691e-14
4.5996 -1.5766e-11 0 -1.23609e-05 4.82506e-14
4.60961 -1.39866e-11 0 -1.20373e-05 4.31293e-14
4.61962 -1.24044e-11 0 -1.17216e-05 3.85439e-14
4.62963 -1.0998e-11 0 -1.14138e-05 3.44391e-14
4.63964 -9.7482e-12 0 -1.11136e-05 3.07653e-14
4.64965 -8.63788e-12 0 -1.08208e-05 2.74779e-14
4.65966 -7.65179e-12 0 -1.05352e-05 2.45369e-14
4.66967 -6.77629e-12 0 -1.02568e-05 2.19062e-14
4.67968 -5.9992e-12 0 -9.9853e-06 1.95537e-14
4.68969 -5.30967e-12 0 -9.72055e-06 1.74503e-14
4.6997 -4.69802e-12 0 -9.46241e-06 1.557e-14
4.70971 -4.15561e-12 0 -9.21071e-06 1.38896e-14
4.71972 -3.67475e-12 0 -8.96532e-06 1.2388e-14
4.72973 -3.24858e-12 0 -8.72609e-06 1.10466e-14
4.73974 -2.87099e-12 0 -8.49285e-06 9.84842e-15
4.74975 -2.53655e-12 0 -8.26549e-06 8.77846e-15
4.75976 -2.24041e-12 0 -8.04385e-06 7.82318e-15
4.76977 -1.97826e-12 0 -7.82781e-06 6.97045e-15
4.77978 -1.74628e-12 0 -7.61722e-06 6.20943e-15
4.78979 -1.54105e-12 0 -7.41197e-06 5.53039e-15
4.7998 -1.35954e-12 0 -7.21192e-06 4.92461e-15
4.80981 -1.19906e-12 0 -7.01696e-06 4.38432e-15
4.81982 -1.05721e-12 0 -6.82695e-06 3.90251e-15
4.82983 -9.31871e-13 0 -6.64179e-06 3.47296e-15
4.83984 -8.2115e-13 0 -6.46136e-06 3.09007e-15
4.84985 -7.23373e-13 0 -6.28554e-06 2.74884e-15
4.85986 -6.37052e-13 0 -6.11422e-06 2.44481e-15
4.86987 -5.60868e-13 0 -5.94731e-06 2.17396e-15
4.87988 -4.93649e-13 0 -5.78468e-06 1.93274e-15
4.88989 -4.3436e-13 0 -5.62624e-06 1.71793e-15
4.8999 -3.82079e-13 0 -5.47189e-06 1.52669e-15
4.90991 -3.35993e-13 0 -5.32153e-06 1.35647e-15
4.91992 -2.95379e-13 0 -5.17506e-06 1.20499e-15
4.92993 -2.59599e-13 0 -5.03239e-06 1.07021e-15
4.93994 -2.28085e-13 0 -4.89342e-06 9.50314e-16
4.94995 -2.00339e-13 0 -4.75807e-06 8.43681e-16
4.95996 -1.75916e-13 0 -4.62625e-06 7.48863e-16
4.96997 -1.54426e-13 0 -4.49788e-06 6.64568e-16
4.97998 -1.35521e-13 0 -4.37286e-06 5.89644e-16
4.98999 -1.18896e-13 0 -4.25112e-06 5.23061e-16
5 -1.04279e-13 0 -4.13257e-06 4.63905e-16
