0 0 1 
0.0005 0.000501014 1.00381 
0.001 0.00100371 1.00693 
0.0015 0.0015079 1.0098 
0.002 0.00201349 1.01251 
0.0025 0.00252039 1.01509 
0.003 0.00302856 1.01758 
0.0035 0.00353796 1.01999 
0.004 0.00404854 1.02233 
0.0045 0.00456028 1.02461 
0.005 0.00507315 1.02685 
0.0055 0.00558712 1.02903 
0.006 0.00610217 1.03117 
0.0065 0.00661828 1.03328 
0.007 0.00713544 1.03534 
0.0075 0.00765362 1.03738 
0.008 0.00817281 1.03938 
0.0085 0.008693 1.04136 
0.009 0.00921417 1.04331 
0.0095 0.0097363 1.04523 
0.01 0.0102594 1.04713 
0.0105 0.0107834 1.049 
0.011 0.0113084 1.05086 
0.0115 0.0118343 1.05269 
0.012 0.0123611 1.05451 
0.0125 0.0128888 1.0563 
0.013 0.0134174 1.05808 
0.0135 0.0139469 1.05984 
0.014 0.0144772 1.06158 
0.0145 0.0150084 1.06331 
0.015 0.0155405 1.06502 
0.0155 0.0160735 1.06672 
0.016 0.0166072 1.0684 
0.0165 0.0171419 1.07007 
0.017 0.0176773 1.07172 
0.0175 0.0182136 1.07336 
0.018 0.0187507 1.07499 
0.0185 0.0192886 1.07661 
0.019 0.0198273 1.07821 
0.0195 0.0203668 1.0798 
0.02 0.0209071 1.08138 
0.0205 0.0214482 1.08295 
0.021 0.02199 1.08451 
0.0215 0.0225327 1.08606 
0.022 0.0230761 1.08759 
0.0225 0.0236203 1.08912 
0.023 0.0241652 1.09064 
0.0235 0.0247109 1.09214 
0.024 0.0252573 1.09364 
0.0245 0.0258045 1.09513 
0.025 0.0263525 1.09661 
0.0255 0.0269011 1.09808 
0.026 0.0274505 1.09954 
0.0265 0.0280007 1.10099 
0.027 0.0285515 1.10244 
0.0275 0.0291031 1.10387 
0.028 0.0296554 1.1053 
0.0285 0.0302084 1.10672 
0.029 0.0307621 1.10813 
0.0295 0.0313165 1.10953 
0.03 0.0318717 1.11093 
0.0305 0.0324275 1.11232 
0.031 0.032984 1.1137 
0.0315 0.0335412 1.11507 
0.032 0.034099 1.11644 
0.0325 0.0346576 1.1178 
0.033 0.0352168 1.11915 
0.0335 0.0357768 1.1205 
0.034 0.0363373 1.12184 
0.0345 0.0368986 1.12317 
0.035 0.0374605 1.1245 
0.0355 0.0380231 1.12581 
0.036 0.0385863 1.12713 
0.0365 0.0391502 1.12843 
0.037 0.0397148 1.12973 
0.0375 0.0402799 1.13103 
0.038 0.0408458 1.13232 
0.0385 0.0414123 1.1336 
0.039 0.0419794 1.13488 
0.0395 0.0425471 1.13615 
0.04 0.0431155 1.13741 
0.0405 0.0436845 1.13867 
0.041 0.0442542 1.13992 
0.0415 0.0448245 1.14117 
0.042 0.0453954 1.14241 
0.0425 0.0459669 1.14365 
0.043 0.046539 1.14488 
0.0435 0.0471118 1.14611 
0.044 0.0476851 1.14733 
0.0445 0.0482591 1.14854 
0.045 0.0488337 1.14976 
0.0455 0.0494088 1.15096 
0.046 0.0499846 1.15216 
0.0465 0.050561 1.15336 
0.047 0.051138 1.15455 
0.0475 0.0517156 1.15573 
0.048 0.0522937 1.15691 
0.0485 0.0528725 1.15809 
0.049 0.0534518 1.15926 
0.0495 0.0540317 1.16042 
0.05 0.0546122 1.16159 
0.0505 0.0551933 1.16274 
0.051 0.055775 1.1639 
0.0515 0.0563572 1.16504 
0.052 0.05694 1.16619 
0.0525 0.0575234 1.16732 
0.053 0.0581073 1.16846 
0.0535 0.0586918 1.16959 
0.054 0.0592769 1.17071 
0.0545 0.0598626 1.17183 
0.055 0.0604488 1.17295 
0.0555 0.0610355 1.17406 
0.056 0.0616228 1.17517 
0.0565 0.0622107 1.17628 
0.057 0.0627991 1.17738 
0.0575 0.0633881 1.17847 
0.058 0.0639776 1.17956 
0.0585 0.0645676 1.18065 
0.059 0.0651582 1.18173 
0.0595 0.0657494 1.18281 
0.06 0.066341 1.18389 
0.0605 0.0669332 1.18496 
0.061 0.067526 1.18603 
0.0615 0.0681193 1.18709 
0.062 0.0687131 1.18815 
0.0625 0.0693074 1.18921 
0.063 0.0699023 1.19026 
0.0635 0.0704977 1.19131 
0.064 0.0710936 1.19235 
0.0645 0.07169 1.19339 
0.065 0.072287 1.19443 
0.0655 0.0728845 1.19546 
0.066 0.0734824 1.19649 
0.0665 0.0740809 1.19752 
0.067 0.07468 1.19854 
0.0675 0.0752795 1.19956 
0.068 0.0758795 1.20058 
0.0685 0.0764801 1.20159 
0.069 0.0770811 1.2026 
0.0695 0.0776827 1.2036 
0.07 0.0782847 1.2046 
0.0705 0.0788873 1.2056 
0.071 0.0794903 1.20659 
0.0715 0.0800939 1.20758 
0.072 0.0806979 1.20857 
0.0725 0.0813024 1.20955 
0.073 0.0819074 1.21054 
0.0735 0.082513 1.21151 
0.074 0.083119 1.21249 
0.0745 0.0837254 1.21346 
0.075 0.0843324 1.21442 
0.0755 0.0849399 1.21539 
0.076 0.0855478 1.21635 
0.0765 0.0861562 1.21731 
0.077 0.0867651 1.21826 
0.0775 0.0873745 1.21921 
0.078 0.0879843 1.22016 
0.0785 0.0885946 1.2211 
0.079 0.0892054 1.22205 
0.0795 0.0898167 1.22298 
0.08 0.0904284 1.22392 
0.0805 0.0910406 1.22485 
0.081 0.0916533 1.22578 
0.0815 0.0922664 1.22671 
0.082 0.09288 1.22763 
0.0825 0.093494 1.22855 
0.083 0.0941085 1.22947 
0.0835 0.0947235 1.23038 
0.084 0.0953389 1.23129 
0.0845 0.0959548 1.2322 
0.085 0.0965711 1.2331 
0.0855 0.0971879 1.234 
0.086 0.0978051 1.2349 
0.0865 0.0984228 1.2358 
0.087 0.0990409 1.23669 
0.0875 0.0996595 1.23758 
0.088 0.100278 1.23847 
0.0885 0.100898 1.23935 
0.089 0.101518 1.24024 
0.0895 0.102138 1.24111 
0.09 0.102759 1.24199 
0.0905 0.10338 1.24286 
0.091 0.104002 1.24373 
0.0915 0.104624 1.2446 
0.092 0.105246 1.24546 
0.0925 0.105869 1.24633 
0.093 0.106493 1.24719 
0.0935 0.107117 1.24804 
0.094 0.107741 1.2489 
0.0945 0.108365 1.24975 
0.095 0.108991 1.25059 
0.0955 0.109616 1.25144 
0.096 0.110242 1.25228 
0.0965 0.110868 1.25312 
0.097 0.111495 1.25396 
0.0975 0.112122 1.25479 
0.098 0.11275 1.25562 
0.0985 0.113378 1.25645 
0.099 0.114006 1.25728 
0.0995 0.114635 1.2581 
0.1 0.115264 1.25893 
0.1005 0.115894 1.25974 
0.101 0.116524 1.26056 
0.1015 0.117155 1.26137 
0.102 0.117786 1.26218 
0.1025 0.118417 1.26299 
0.103 0.119049 1.2638 
0.1035 0.119681 1.2646 
0.104 0.120313 1.2654 
0.1045 0.120946 1.2662 
0.105 0.121579 1.267 
0.1055 0.122213 1.26779 
0.106 0.122847 1.26858 
0.1065 0.123482 1.26937 
0.107 0.124116 1.27015 
0.1075 0.124752 1.27094 
0.108 0.125387 1.27172 
0.1085 0.126023 1.27249 
0.109 0.12666 1.27327 
0.1095 0.127297 1.27404 
0.11 0.127934 1.27481 
0.1105 0.128572 1.27558 
0.111 0.12921 1.27635 
0.1115 0.129848 1.27711 
0.112 0.130487 1.27787 
0.1125 0.131126 1.27863 
0.113 0.131765 1.27939 
0.1135 0.132405 1.28014 
0.114 0.133045 1.28089 
0.1145 0.133686 1.28164 
0.115 0.134327 1.28239 
0.1155 0.134968 1.28313 
0.116 0.13561 1.28388 
0.1165 0.136252 1.28462 
0.117 0.136895 1.28535 
0.1175 0.137538 1.28609 
0.118 0.138181 1.28682 
0.1185 0.138824 1.28755 
0.119 0.139468 1.28828 
0.1195 0.140113 1.289 
0.12 0.140757 1.28973 
0.1205 0.141403 1.29045 
0.121 0.142048 1.29117 
0.1215 0.142694 1.29189 
0.122 0.14334 1.2926 
0.1225 0.143986 1.29331 
0.123 0.144633 1.29402 
0.1235 0.14528 1.29473 
0.124 0.145928 1.29544 
0.1245 0.146576 1.29614 
0.125 0.147224 1.29684 
0.1255 0.147873 1.29754 
0.126 0.148522 1.29823 
0.1265 0.149171 1.29893 
0.127 0.14982 1.29962 
0.1275 0.15047 1.30031 
0.128 0.151121 1.301 
0.1285 0.151771 1.30169 
0.129 0.152422 1.30237 
0.1295 0.153074 1.30305 
0.13 0.153725 1.30373 
0.1305 0.154378 1.30441 
0.131 0.15503 1.30508 
0.1315 0.155683 1.30575 
0.132 0.156336 1.30642 
0.1325 0.156989 1.30709 
0.133 0.157643 1.30776 
0.1335 0.158297 1.30842 
0.134 0.158951 1.30909 
0.1345 0.159606 1.30975 
0.135 0.160261 1.3104 
0.1355 0.160916 1.31106 
0.136 0.161572 1.31171 
0.1365 0.162228 1.31236 
0.137 0.162884 1.31301 
0.1375 0.163541 1.31366 
0.138 0.164198 1.31431 
0.1385 0.164855 1.31495 
0.139 0.165513 1.31559 
0.1395 0.166171 1.31623 
0.14 0.166829 1.31687 
0.1405 0.167488 1.3175 
0.141 0.168147 1.31814 
0.1415 0.168806 1.31877 
0.142 0.169465 1.3194 
0.1425 0.170125 1.32002 
0.143 0.170785 1.32065 
0.1435 0.171446 1.32127 
0.144 0.172107 1.32189 
0.1445 0.172768 1.32251 
0.145 0.173429 1.32313 
0.1455 0.174091 1.32374 
0.146 0.174753 1.32436 
0.1465 0.175415 1.32497 
0.147 0.176078 1.32558 
0.1475 0.176741 1.32618 
0.148 0.177404 1.32679 
0.1485 0.178068 1.32739 
0.149 0.178732 1.32799 
0.1495 0.179396 1.32859 
0.15 0.18006 1.32919 
0.1505 0.180725 1.32978 
0.151 0.18139 1.33038 
0.1515 0.182055 1.33097 
0.152 0.182721 1.33156 
0.1525 0.183387 1.33214 
0.153 0.184053 1.33273 
0.1535 0.18472 1.33331 
0.154 0.185386 1.3339 
0.1545 0.186053 1.33448 
0.155 0.186721 1.33505 
0.1555 0.187388 1.33563 
0.156 0.188056 1.3362 
0.1565 0.188725 1.33678 
0.157 0.189393 1.33735 
0.1575 0.190062 1.33791 
0.158 0.190731 1.33848 
0.1585 0.1914 1.33905 
0.159 0.19207 1.33961 
0.1595 0.19274 1.34017 
0.16 0.19341 1.34073 
0.1605 0.194081 1.34129 
0.161 0.194752 1.34184 
0.1615 0.195423 1.34239 
0.162 0.196094 1.34295 
0.1625 0.196766 1.3435 
0.163 0.197437 1.34404 
0.1635 0.19811 1.34459 
0.164 0.198782 1.34513 
0.1645 0.199455 1.34568 
0.165 0.200128 1.34622 
0.1655 0.200801 1.34676 
0.166 0.201475 1.34729 
0.1665 0.202148 1.34783 
0.167 0.202822 1.34836 
0.1675 0.203497 1.34889 
0.168 0.204171 1.34942 
0.1685 0.204846 1.34995 
0.169 0.205521 1.35048 
0.1695 0.206197 1.351 
0.17 0.206872 1.35152 
0.1705 0.207548 1.35204 
0.171 0.208224 1.35256 
0.1715 0.208901 1.35308 
0.172 0.209577 1.3536 
0.1725 0.210254 1.35411 
0.173 0.210931 1.35462 
0.1735 0.211609 1.35513 
0.174 0.212287 1.35564 
0.1745 0.212965 1.35615 
0.175 0.213643 1.35665 
0.1755 0.214321 1.35715 
0.176 0.215 1.35766 
0.1765 0.215679 1.35816 
0.177 0.216358 1.35865 
0.1775 0.217037 1.35915 
0.178 0.217717 1.35964 
0.1785 0.218397 1.36014 
0.179 0.219077 1.36063 
0.1795 0.219758 1.36112 
0.18 0.220438 1.3616 
0.1805 0.221119 1.36209 
0.181 0.221801 1.36257 
0.1815 0.222482 1.36306 
0.182 0.223164 1.36354 
0.1825 0.223845 1.36402 
0.183 0.224528 1.36449 
0.1835 0.22521 1.36497 
0.184 0.225893 1.36544 
0.1845 0.226575 1.36591 
0.185 0.227258 1.36639 
0.1855 0.227942 1.36685 
0.186 0.228625 1.36732 
0.1865 0.229309 1.36779 
0.187 0.229993 1.36825 
0.1875 0.230677 1.36871 
0.188 0.231362 1.36917 
0.1885 0.232047 1.36963 
0.189 0.232731 1.37009 
0.1895 0.233417 1.37054 
0.19 0.234102 1.371 
0.1905 0.234788 1.37145 
0.191 0.235473 1.3719 
0.1915 0.23616 1.37235 
0.192 0.236846 1.3728 
0.1925 0.237532 1.37324 
0.193 0.238219 1.37369 
0.1935 0.238906 1.37413 
0.194 0.239593 1.37457 
0.1945 0.240281 1.37501 
0.195 0.240968 1.37545 
0.1955 0.241656 1.37588 
0.196 0.242344 1.37631 
0.1965 0.243032 1.37675 
0.197 0.243721 1.37718 
0.1975 0.244409 1.37761 
0.198 0.245098 1.37804 
0.1985 0.245788 1.37846 
0.199 0.246477 1.37889 
0.1995 0.247166 1.37931 
0.2 0.247856 1.37973 
0.2005 0.248546 1.38015 
0.201 0.249236 1.38057 
0.2015 0.249927 1.38098 
0.202 0.250617 1.3814 
0.2025 0.251308 1.38181 
0.203 0.251999 1.38222 
0.2035 0.25269 1.38263 
0.204 0.253382 1.38304 
0.2045 0.254073 1.38345 
0.205 0.254765 1.38385 
0.2055 0.255457 1.38426 
0.206 0.256149 1.38466 
0.2065 0.256842 1.38506 
0.207 0.257535 1.38546 
0.2075 0.258227 1.38586 
0.208 0.25892 1.38625 
0.2085 0.259614 1.38665 
0.209 0.260307 1.38704 
0.2095 0.261001 1.38743 
0.21 0.261694 1.38782 
0.2105 0.262388 1.38821 
0.211 0.263083 1.3886 
0.2115 0.263777 1.38898 
0.212 0.264472 1.38937 
0.2125 0.265166 1.38975 
0.213 0.265861 1.39013 
0.2135 0.266557 1.39051 
0.214 0.267252 1.39089 
0.2145 0.267947 1.39126 
0.215 0.268643 1.39164 
0.2155 0.269339 1.39201 
0.216 0.270035 1.39238 
0.2165 0.270731 1.39275 
0.217 0.271428 1.39312 
0.2175 0.272125 1.39349 
0.218 0.272821 1.39385 
0.2185 0.273518 1.39422 
0.219 0.274216 1.39458 
0.2195 0.274913 1.39494 
0.22 0.275611 1.3953 
0.2205 0.276308 1.39566 
0.221 0.277006 1.39601 
0.2215 0.277704 1.39637 
0.222 0.278403 1.39672 
0.2225 0.279101 1.39707 
0.223 0.2798 1.39742 
0.2235 0.280498 1.39777 
0.224 0.281197 1.39812 
0.2245 0.281897 1.39847 
0.225 0.282596 1.39881 
0.2255 0.283295 1.39915 
0.226 0.283995 1.3995 
0.2265 0.284695 1.39984 
0.227 0.285395 1.40017 
0.2275 0.286095 1.40051 
0.228 0.286795 1.40085 
0.2285 0.287496 1.40118 
0.229 0.288197 1.40151 
0.2295 0.288897 1.40185 
0.23 0.289598 1.40218 
0.2305 0.2903 1.4025 
0.231 0.291001 1.40283 
0.2315 0.291702 1.40316 
0.232 0.292404 1.40348 
0.2325 0.293106 1.4038 
0.233 0.293808 1.40413 
0.2335 0.29451 1.40445 
0.234 0.295212 1.40476 
0.2345 0.295915 1.40508 
0.235 0.296617 1.4054 
0.2355 0.29732 1.40571 
0.236 0.298023 1.40602 
0.2365 0.298726 1.40634 
0.237 0.299429 1.40665 
0.2375 0.300133 1.40695 
0.238 0.300836 1.40726 
0.2385 0.30154 1.40757 
0.239 0.302244 1.40787 
0.2395 0.302948 1.40817 
0.24 0.303652 1.40848 
0.2405 0.304356 1.40878 
0.241 0.305061 1.40907 
0.2415 0.305766 1.40937 
0.242 0.30647 1.40967 
0.2425 0.307175 1.40996 
0.243 0.30788 1.41026 
0.2435 0.308585 1.41055 
0.244 0.309291 1.41084 
0.2445 0.309996 1.41113 
0.245 0.310702 1.41141 
0.2455 0.311408 1.4117 
0.246 0.312114 1.41198 
0.2465 0.31282 1.41227 
0.247 0.313526 1.41255 
0.2475 0.314232 1.41283 
0.248 0.314939 1.41311 
0.2485 0.315645 1.41339 
0.249 0.316352 1.41366 
0.2495 0.317059 1.41394 
0.25 0.317766 1.41421 
0.2505 0.318473 1.41449 
0.251 0.319181 1.41476 
0.2515 0.319888 1.41503 
0.252 0.320596 1.4153 
0.2525 0.321303 1.41556 
0.253 0.322011 1.41583 
0.2535 0.322719 1.41609 
0.254 0.323427 1.41636 
0.2545 0.324135 1.41662 
0.255 0.324844 1.41688 
0.2555 0.325552 1.41714 
0.256 0.326261 1.41739 
0.2565 0.32697 1.41765 
0.257 0.327679 1.41791 
0.2575 0.328388 1.41816 
0.258 0.329097 1.41841 
0.2585 0.329806 1.41866 
0.259 0.330515 1.41891 
0.2595 0.331225 1.41916 
0.26 0.331935 1.41941 
0.2605 0.332644 1.41965 
0.261 0.333354 1.4199 
0.2615 0.334064 1.42014 
0.262 0.334774 1.42038 
0.2625 0.335485 1.42062 
0.263 0.336195 1.42086 
0.2635 0.336906 1.4211 
0.264 0.337616 1.42134 
0.2645 0.338327 1.42157 
0.265 0.339038 1.4218 
0.2655 0.339749 1.42204 
0.266 0.34046 1.42227 
0.2665 0.341171 1.4225 
0.267 0.341882 1.42273 
0.2675 0.342594 1.42295 
0.268 0.343305 1.42318 
0.2685 0.344017 1.4234 
0.269 0.344729 1.42363 
0.2695 0.34544 1.42385 
0.27 0.346152 1.42407 
0.2705 0.346865 1.42429 
0.271 0.347577 1.42451 
0.2715 0.348289 1.42473 
0.272 0.349001 1.42494 
0.2725 0.349714 1.42516 
0.273 0.350427 1.42537 
0.2735 0.351139 1.42558 
0.274 0.351852 1.42579 
0.2745 0.352565 1.426 
0.275 0.353278 1.42621 
0.2755 0.353991 1.42642 
0.276 0.354705 1.42662 
0.2765 0.355418 1.42683 
0.277 0.356131 1.42703 
0.2775 0.356845 1.42723 
0.278 0.357559 1.42743 
0.2785 0.358272 1.42763 
0.279 0.358986 1.42783 
0.2795 0.3597 1.42803 
0.28 0.360414 1.42822 
0.2805 0.361128 1.42842 
0.281 0.361843 1.42861 
0.2815 0.362557 1.4288 
0.282 0.363272 1.42899 
0.2825 0.363986 1.42918 
0.283 0.364701 1.42937 
0.2835 0.365415 1.42956 
0.284 0.36613 1.42974 
0.2845 0.366845 1.42993 
0.285 0.36756 1.43011 
0.2855 0.368275 1.43029 
0.286 0.368991 1.43047 
0.2865 0.369706 1.43065 
0.287 0.370421 1.43083 
0.2875 0.371137 1.43101 
0.288 0.371852 1.43118 
0.2885 0.372568 1.43136 
0.289 0.373284 1.43153 
0.2895 0.373999 1.4317 
0.29 0.374715 1.43187 
0.2905 0.375431 1.43204 
0.291 0.376147 1.43221 
0.2915 0.376863 1.43238 
0.292 0.37758 1.43254 
0.2925 0.378296 1.43271 
0.293 0.379012 1.43287 
0.2935 0.379729 1.43304 
0.294 0.380445 1.4332 
0.2945 0.381162 1.43336 
0.295 0.381879 1.43352 
0.2955 0.382596 1.43367 
0.296 0.383312 1.43383 
0.2965 0.384029 1.43399 
0.297 0.384746 1.43414 
0.2975 0.385464 1.43429 
0.298 0.386181 1.43444 
0.2985 0.386898 1.43459 
0.299 0.387615 1.43474 
0.2995 0.388333 1.43489 
0.3 0.38905 1.43504 
0.3005 0.389768 1.43518 
0.301 0.390485 1.43533 
0.3015 0.391203 1.43547 
0.302 0.391921 1.43561 
0.3025 0.392639 1.43576 
0.303 0.393357 1.4359 
0.3035 0.394075 1.43603 
0.304 0.394793 1.43617 
0.3045 0.395511 1.43631 
0.305 0.396229 1.43644 
0.3055 0.396947 1.43658 
0.306 0.397666 1.43671 
0.3065 0.398384 1.43684 
0.307 0.399102 1.43697 
0.3075 0.399821 1.4371 
0.308 0.400539 1.43723 
0.3085 0.401258 1.43736 
0.309 0.401977 1.43748 
0.3095 0.402696 1.43761 
0.31 0.403414 1.43773 
0.3105 0.404133 1.43785 
0.311 0.404852 1.43798 
0.3115 0.405571 1.4381 
0.312 0.40629 1.43821 
0.3125 0.40701 1.43833 
0.313 0.407729 1.43845 
0.3135 0.408448 1.43857 
0.314 0.409167 1.43868 
0.3145 0.409887 1.43879 
0.315 0.410606 1.43891 
0.3155 0.411326 1.43902 
0.316 0.412045 1.43913 
0.3165 0.412765 1.43924 
0.317 0.413484 1.43934 
0.3175 0.414204 1.43945 
0.318 0.414924 1.43955 
0.3185 0.415644 1.43966 
0.319 0.416363 1.43976 
0.3195 0.417083 1.43986 
0.32 0.417803 1.43997 
0.3205 0.418523 1.44007 
0.321 0.419243 1.44016 
0.3215 0.419963 1.44026 
0.322 0.420684 1.44036 
0.3225 0.421404 1.44045 
0.323 0.422124 1.44055 
0.3235 0.422844 1.44064 
0.324 0.423565 1.44073 
0.3245 0.424285 1.44082 
0.325 0.425006 1.44091 
0.3255 0.425726 1.441 
0.326 0.426447 1.44109 
0.3265 0.427167 1.44118 
0.327 0.427888 1.44126 
0.3275 0.428608 1.44135 
0.328 0.429329 1.44143 
0.3285 0.43005 1.44151 
0.329 0.430771 1.44159 
0.3295 0.431491 1.44167 
0.33 0.432212 1.44175 
0.3305 0.432933 1.44183 
0.331 0.433654 1.44191 
0.3315 0.434375 1.44198 
0.332 0.435096 1.44206 
0.3325 0.435817 1.44213 
0.333 0.436538 1.4422 
0.3335 0.437259 1.44227 
0.334 0.43798 1.44234 
0.3345 0.438702 1.44241 
0.335 0.439423 1.44248 
0.3355 0.440144 1.44255 
0.336 0.440865 1.44261 
0.3365 0.441587 1.44268 
0.337 0.442308 1.44274 
0.3375 0.443029 1.4428 
0.338 0.443751 1.44287 
0.3385 0.444472 1.44293 
0.339 0.445194 1.44299 
0.3395 0.445915 1.44305 
0.34 0.446637 1.4431 
0.3405 0.447358 1.44316 
0.341 0.44808 1.44321 
0.3415 0.448802 1.44327 
0.342 0.449523 1.44332 
0.3425 0.450245 1.44337 
0.343 0.450967 1.44342 
0.3435 0.451688 1.44347 
0.344 0.45241 1.44352 
0.3445 0.453132 1.44357 
0.345 0.453854 1.44362 
0.3455 0.454576 1.44366 
0.346 0.455297 1.44371 
0.3465 0.456019 1.44375 
0.347 0.456741 1.4438 
0.3475 0.457463 1.44384 
0.348 0.458185 1.44388 
0.3485 0.458907 1.44392 
0.349 0.459629 1.44396 
0.3495 0.460351 1.44399 
0.35 0.461073 1.44403 
0.3505 0.461795 1.44407 
0.351 0.462517 1.4441 
0.3515 0.463239 1.44413 
0.352 0.463961 1.44417 
0.3525 0.464683 1.4442 
0.353 0.465405 1.44423 
0.3535 0.466127 1.44426 
0.354 0.46685 1.44428 
0.3545 0.467572 1.44431 
0.355 0.468294 1.44434 
0.3555 0.469016 1.44436 
0.356 0.469738 1.44439 
0.3565 0.47046 1.44441 
0.357 0.471183 1.44443 
0.3575 0.471905 1.44445 
0.358 0.472627 1.44447 
0.3585 0.473349 1.44449 
0.359 0.474072 1.44451 
0.3595 0.474794 1.44453 
0.36 0.475516 1.44455 
0.3605 0.476238 1.44456 
0.361 0.476961 1.44457 
0.3615 0.477683 1.44459 
0.362 0.478405 1.4446 
0.3625 0.479128 1.44461 
0.363 0.47985 1.44462 
0.3635 0.480572 1.44463 
0.364 0.481294 1.44464 
0.3645 0.482017 1.44465 
0.365 0.482739 1.44465 
0.3655 0.483461 1.44466 
0.366 0.484184 1.44466 
0.3665 0.484906 1.44466 
0.367 0.485628 1.44467 
0.3675 0.486351 1.44467 
0.368 0.487073 1.44467 
0.3685 0.487795 1.44467 
0.369 0.488518 1.44467 
0.3695 0.48924 1.44466 
0.37 0.489962 1.44466 
0.3705 0.490685 1.44465 
0.371 0.491407 1.44465 
0.3715 0.492129 1.44464 
0.372 0.492852 1.44463 
0.3725 0.493574 1.44463 
0.373 0.494296 1.44462 
0.3735 0.495019 1.44461 
0.374 0.495741 1.44459 
0.3745 0.496463 1.44458 
0.375 0.497186 1.44457 
0.3755 0.497908 1.44455 
0.376 0.49863 1.44454 
0.3765 0.499352 1.44452 
0.377 0.500075 1.44451 
0.3775 0.500797 1.44449 
0.378 0.501519 1.44447 
0.3785 0.502241 1.44445 
0.379 0.502964 1.44443 
0.3795 0.503686 1.44441 
0.38 0.504408 1.44438 
0.3805 0.50513 1.44436 
0.381 0.505852 1.44433 
0.3815 0.506574 1.44431 
0.382 0.507297 1.44428 
0.3825 0.508019 1.44425 
0.383 0.508741 1.44423 
0.3835 0.509463 1.4442 
0.384 0.510185 1.44416 
0.3845 0.510907 1.44413 
0.385 0.511629 1.4441 
0.3855 0.512351 1.44407 
0.386 0.513073 1.44403 
0.3865 0.513795 1.444 
0.387 0.514517 1.44396 
0.3875 0.515239 1.44393 
0.388 0.515961 1.44389 
0.3885 0.516683 1.44385 
0.389 0.517405 1.44381 
0.3895 0.518127 1.44377 
0.39 0.518849 1.44373 
0.3905 0.519571 1.44368 
0.391 0.520293 1.44364 
0.3915 0.521014 1.4436 
0.392 0.521736 1.44355 
0.3925 0.522458 1.4435 
0.393 0.52318 1.44346 
0.3935 0.523901 1.44341 
0.394 0.524623 1.44336 
0.3945 0.525345 1.44331 
0.395 0.526066 1.44326 
0.3955 0.526788 1.44321 
0.396 0.52751 1.44315 
0.3965 0.528231 1.4431 
0.397 0.528953 1.44305 
0.3975 0.529674 1.44299 
0.398 0.530396 1.44293 
0.3985 0.531117 1.44288 
0.399 0.531838 1.44282 
0.3995 0.53256 1.44276 
0.4 0.533281 1.4427 
0.4005 0.534003 1.44264 
0.401 0.534724 1.44258 
0.4015 0.535445 1.44251 
0.402 0.536166 1.44245 
0.4025 0.536888 1.44239 
0.403 0.537609 1.44232 
0.4035 0.53833 1.44226 
0.404 0.539051 1.44219 
0.4045 0.539772 1.44212 
0.405 0.540493 1.44205 
0.4055 0.541214 1.44198 
0.406 0.541935 1.44191 
0.4065 0.542656 1.44184 
0.407 0.543377 1.44177 
0.4075 0.544098 1.44169 
0.408 0.544819 1.44162 
0.4085 0.545539 1.44154 
0.409 0.54626 1.44147 
0.4095 0.546981 1.44139 
0.41 0.547702 1.44131 
0.4105 0.548422 1.44124 
0.411 0.549143 1.44116 
0.4115 0.549863 1.44108 
0.412 0.550584 1.44099 
0.4125 0.551304 1.44091 
0.413 0.552025 1.44083 
0.4135 0.552745 1.44075 
0.414 0.553466 1.44066 
0.4145 0.554186 1.44058 
0.415 0.554906 1.44049 
0.4155 0.555626 1.4404 
0.416 0.556347 1.44031 
0.4165 0.557067 1.44023 
0.417 0.557787 1.44014 
0.4175 0.558507 1.44004 
0.418 0.559227 1.43995 
0.4185 0.559947 1.43986 
0.419 0.560667 1.43977 
0.4195 0.561387 1.43967 
0.42 0.562106 1.43958 
0.4205 0.562826 1.43948 
0.421 0.563546 1.43939 
0.4215 0.564266 1.43929 
0.422 0.564985 1.43919 
0.4225 0.565705 1.43909 
0.423 0.566424 1.43899 
0.4235 0.567144 1.43889 
0.424 0.567863 1.43879 
0.4245 0.568582 1.43869 
0.425 0.569302 1.43858 
0.4255 0.570021 1.43848 
0.426 0.57074 1.43837 
0.4265 0.571459 1.43827 
0.427 0.572179 1.43816 
0.4275 0.572898 1.43805 
0.428 0.573617 1.43794 
0.4285 0.574336 1.43784 
0.429 0.575054 1.43772 
0.4295 0.575773 1.43761 
0.43 0.576492 1.4375 
0.4305 0.577211 1.43739 
0.431 0.577929 1.43728 
0.4315 0.578648 1.43716 
0.432 0.579367 1.43705 
0.4325 0.580085 1.43693 
0.433 0.580804 1.43681 
0.4335 0.581522 1.4367 
0.434 0.58224 1.43658 
0.4345 0.582958 1.43646 
0.435 0.583677 1.43634 
0.4355 0.584395 1.43622 
0.436 0.585113 1.4361 
0.4365 0.585831 1.43597 
0.437 0.586549 1.43585 
0.4375 0.587267 1.43573 
0.438 0.587985 1.4356 
0.4385 0.588702 1.43548 
0.439 0.58942 1.43535 
0.4395 0.590138 1.43522 
0.44 0.590855 1.4351 
0.4405 0.591573 1.43497 
0.441 0.59229 1.43484 
0.4415 0.593008 1.43471 
0.442 0.593725 1.43458 
0.4425 0.594442 1.43444 
0.443 0.595159 1.43431 
0.4435 0.595877 1.43418 
0.444 0.596594 1.43404 
0.4445 0.597311 1.43391 
0.445 0.598028 1.43377 
0.4455 0.598744 1.43363 
0.446 0.599461 1.4335 
0.4465 0.600178 1.43336 
0.447 0.600895 1.43322 
0.4475 0.601611 1.43308 
0.448 0.602328 1.43294 
0.4485 0.603044 1.4328 
0.449 0.60376 1.43265 
0.4495 0.604477 1.43251 
0.45 0.605193 1.43237 
0.4505 0.605909 1.43222 
0.451 0.606625 1.43208 
0.4515 0.607341 1.43193 
0.452 0.608057 1.43178 
0.4525 0.608773 1.43164 
0.453 0.609489 1.43149 
0.4535 0.610204 1.43134 
0.454 0.61092 1.43119 
0.4545 0.611636 1.43104 
0.455 0.612351 1.43089 
0.4555 0.613066 1.43073 
0.456 0.613782 1.43058 
0.4565 0.614497 1.43043 
0.457 0.615212 1.43027 
0.4575 0.615927 1.43012 
0.458 0.616642 1.42996 
0.4585 0.617357 1.4298 
0.459 0.618072 1.42964 
0.4595 0.618787 1.42949 
0.46 0.619502 1.42933 
0.4605 0.620216 1.42917 
0.461 0.620931 1.42901 
0.4615 0.621645 1.42884 
0.462 0.62236 1.42868 
0.4625 0.623074 1.42852 
0.463 0.623788 1.42835 
0.4635 0.624502 1.42819 
0.464 0.625216 1.42802 
0.4645 0.62593 1.42786 
0.465 0.626644 1.42769 
0.4655 0.627358 1.42752 
0.466 0.628072 1.42736 
0.4665 0.628785 1.42719 
0.467 0.629499 1.42702 
0.4675 0.630212 1.42685 
0.468 0.630926 1.42667 
0.4685 0.631639 1.4265 
0.469 0.632352 1.42633 
0.4695 0.633065 1.42616 
0.47 0.633778 1.42598 
0.4705 0.634491 1.42581 
0.471 0.635204 1.42563 
0.4715 0.635917 1.42545 
0.472 0.63663 1.42528 
0.4725 0.637342 1.4251 
0.473 0.638055 1.42492 
0.4735 0.638767 1.42474 
0.474 0.63948 1.42456 
0.4745 0.640192 1.42438 
0.475 0.640904 1.4242 
0.4755 0.641616 1.42402 
0.476 0.642328 1.42383 
0.4765 0.64304 1.42365 
0.477 0.643752 1.42346 
0.4775 0.644463 1.42328 
0.478 0.645175 1.42309 
0.4785 0.645886 1.42291 
0.479 0.646598 1.42272 
0.4795 0.647309 1.42253 
0.48 0.64802 1.42234 
0.4805 0.648731 1.42215 
0.481 0.649442 1.42196 
0.4815 0.650153 1.42177 
0.482 0.650864 1.42158 
0.4825 0.651575 1.42139 
0.483 0.652286 1.42119 
0.4835 0.652996 1.421 
0.484 0.653707 1.42081 
0.4845 0.654417 1.42061 
0.485 0.655127 1.42042 
0.4855 0.655837 1.42022 
0.486 0.656547 1.42002 
0.4865 0.657257 1.41982 
0.487 0.657967 1.41962 
0.4875 0.658677 1.41942 
0.488 0.659387 1.41922 
0.4885 0.660096 1.41902 
0.489 0.660806 1.41882 
0.4895 0.661515 1.41862 
0.49 0.662224 1.41842 
0.4905 0.662933 1.41821 
0.491 0.663643 1.41801 
0.4915 0.664351 1.4178 
0.492 0.66506 1.4176 
0.4925 0.665769 1.41739 
0.493 0.666478 1.41718 
0.4935 0.667186 1.41698 
0.494 0.667895 1.41677 
0.4945 0.668603 1.41656 
0.495 0.669311 1.41635 
0.4955 0.670019 1.41614 
0.496 0.670727 1.41593 
0.4965 0.671435 1.41572 
0.497 0.672143 1.4155 
0.4975 0.672851 1.41529 
0.498 0.673558 1.41508 
0.4985 0.674266 1.41486 
0.499 0.674973 1.41465 
0.4995 0.675681 1.41443 
0.5 0.676388 1.41421 
0.5005 0.677095 1.414 
0.501 0.677802 1.41378 
0.5015 0.678509 1.41356 
0.502 0.679215 1.41334 
0.5025 0.679922 1.41312 
0.503 0.680628 1.4129 
0.5035 0.681335 1.41268 
0.504 0.682041 1.41246 
0.5045 0.682747 1.41223 
0.505 0.683453 1.41201 
0.5055 0.684159 1.41179 
0.506 0.684865 1.41156 
0.5065 0.685571 1.41134 
0.507 0.686276 1.41111 
0.5075 0.686982 1.41088 
0.508 0.687687 1.41066 
0.5085 0.688393 1.41043 
0.509 0.689098 1.4102 
0.5095 0.689803 1.40997 
0.51 0.690508 1.40974 
0.5105 0.691212 1.40951 
0.511 0.691917 1.40928 
0.5115 0.692622 1.40905 
0.512 0.693326 1.40881 
0.5125 0.694031 1.40858 
0.513 0.694735 1.40835 
0.5135 0.695439 1.40811 
0.514 0.696143 1.40788 
0.5145 0.696847 1.40764 
0.515 0.697551 1.40741 
0.5155 0.698254 1.40717 
0.516 0.698958 1.40693 
0.5165 0.699661 1.40669 
0.517 0.700364 1.40645 
0.5175 0.701068 1.40621 
0.518 0.701771 1.40597 
0.5185 0.702474 1.40573 
0.519 0.703176 1.40549 
0.5195 0.703879 1.40525 
0.52 0.704582 1.40501 
0.5205 0.705284 1.40476 
0.521 0.705986 1.40452 
0.5215 0.706689 1.40427 
0.522 0.707391 1.40403 
0.5225 0.708093 1.40378 
0.523 0.708794 1.40354 
0.5235 0.709496 1.40329 
0.524 0.710198 1.40304 
0.5245 0.710899 1.40279 
0.525 0.711601 1.40254 
0.5255 0.712302 1.40229 
0.526 0.713003 1.40204 
0.5265 0.713704 1.40179 
0.527 0.714405 1.40154 
0.5275 0.715105 1.40129 
0.528 0.715806 1.40104 
0.5285 0.716506 1.40078 
0.529 0.717207 1.40053 
0.5295 0.717907 1.40027 
0.53 0.718607 1.40002 
0.5305 0.719307 1.39976 
0.531 0.720007 1.39951 
0.5315 0.720706 1.39925 
0.532 0.721406 1.39899 
0.5325 0.722105 1.39873 
0.533 0.722805 1.39847 
0.5335 0.723504 1.39821 
0.534 0.724203 1.39795 
0.5345 0.724902 1.39769 
0.535 0.725601 1.39743 
0.5355 0.726299 1.39717 
0.536 0.726998 1.39691 
0.5365 0.727696 1.39664 
0.537 0.728394 1.39638 
0.5375 0.729093 1.39612 
0.538 0.729791 1.39585 
0.5385 0.730488 1.39559 
0.539 0.731186 1.39532 
0.5395 0.731884 1.39505 
0.54 0.732581 1.39479 
0.5405 0.733279 1.39452 
0.541 0.733976 1.39425 
0.5415 0.734673 1.39398 
0.542 0.73537 1.39371 
0.5425 0.736066 1.39344 
0.543 0.736763 1.39317 
0.5435 0.73746 1.3929 
0.544 0.738156 1.39263 
0.5445 0.738852 1.39235 
0.545 0.739548 1.39208 
0.5455 0.740244 1.39181 
0.546 0.74094 1.39153 
0.5465 0.741636 1.39126 
0.547 0.742331 1.39098 
0.5475 0.743027 1.3907 
0.548 0.743722 1.39043 
0.5485 0.744417 1.39015 
0.549 0.745112 1.38987 
0.5495 0.745807 1.38959 
0.55 0.746502 1.38931 
0.5505 0.747196 1.38903 
0.551 0.747891 1.38875 
0.5515 0.748585 1.38847 
0.552 0.749279 1.38819 
0.5525 0.749973 1.38791 
0.553 0.750667 1.38763 
0.5535 0.751361 1.38734 
0.554 0.752055 1.38706 
0.5545 0.752748 1.38678 
0.555 0.753441 1.38649 
0.5555 0.754135 1.38621 
0.556 0.754828 1.38592 
0.5565 0.755521 1.38563 
0.557 0.756213 1.38535 
0.5575 0.756906 1.38506 
0.558 0.757598 1.38477 
0.5585 0.758291 1.38448 
0.559 0.758983 1.38419 
0.5595 0.759675 1.3839 
0.56 0.760367 1.38361 
0.5605 0.761058 1.38332 
0.561 0.76175 1.38303 
0.5615 0.762441 1.38274 
0.562 0.763133 1.38245 
0.5625 0.763824 1.38215 
0.563 0.764515 1.38186 
0.5635 0.765206 1.38156 
0.564 0.765896 1.38127 
0.5645 0.766587 1.38097 
0.565 0.767277 1.38068 
0.5655 0.767968 1.38038 
0.566 0.768658 1.38009 
0.5665 0.769348 1.37979 
0.567 0.770038 1.37949 
0.5675 0.770727 1.37919 
0.568 0.771417 1.37889 
0.5685 0.772106 1.37859 
0.569 0.772795 1.37829 
0.5695 0.773484 1.37799 
0.57 0.774173 1.37769 
0.5705 0.774862 1.37739 
0.571 0.775551 1.37709 
0.5715 0.776239 1.37678 
0.572 0.776928 1.37648 
0.5725 0.777616 1.37617 
0.573 0.778304 1.37587 
0.5735 0.778992 1.37556 
0.574 0.779679 1.37526 
0.5745 0.780367 1.37495 
0.575 0.781054 1.37465 
0.5755 0.781742 1.37434 
0.576 0.782429 1.37403 
0.5765 0.783116 1.37372 
0.577 0.783802 1.37341 
0.5775 0.784489 1.3731 
0.578 0.785175 1.3728 
0.5785 0.785862 1.37248 
0.579 0.786548 1.37217 
0.5795 0.787234 1.37186 
0.58 0.78792 1.37155 
0.5805 0.788605 1.37124 
0.581 0.789291 1.37092 
0.5815 0.789976 1.37061 
0.582 0.790662 1.3703 
0.5825 0.791347 1.36998 
0.583 0.792032 1.36967 
0.5835 0.792716 1.36935 
0.584 0.793401 1.36904 
0.5845 0.794085 1.36872 
0.585 0.79477 1.3684 
0.5855 0.795454 1.36808 
0.586 0.796138 1.36777 
0.5865 0.796822 1.36745 
0.587 0.797505 1.36713 
0.5875 0.798189 1.36681 
0.588 0.798872 1.36649 
0.5885 0.799555 1.36617 
0.589 0.800238 1.36585 
0.5895 0.800921 1.36553 
0.59 0.801604 1.3652 
0.5905 0.802286 1.36488 
0.591 0.802969 1.36456 
0.5915 0.803651 1.36423 
0.592 0.804333 1.36391 
0.5925 0.805015 1.36358 
0.593 0.805696 1.36326 
0.5935 0.806378 1.36293 
0.594 0.807059 1.36261 
0.5945 0.807741 1.36228 
0.595 0.808422 1.36195 
0.5955 0.809103 1.36163 
0.596 0.809783 1.3613 
0.5965 0.810464 1.36097 
0.597 0.811144 1.36064 
0.5975 0.811824 1.36031 
0.598 0.812505 1.35998 
0.5985 0.813184 1.35965 
0.599 0.813864 1.35932 
0.5995 0.814544 1.35899 
0.6 0.815223 1.35866 
0.6005 0.815902 1.35832 
0.601 0.816581 1.35799 
0.6015 0.81726 1.35766 
0.602 0.817939 1.35732 
0.6025 0.818618 1.35699 
0.603 0.819296 1.35665 
0.6035 0.819974 1.35632 
0.604 0.820652 1.35598 
0.6045 0.82133 1.35564 
0.605 0.822008 1.35531 
0.6055 0.822686 1.35497 
0.606 0.823363 1.35463 
0.6065 0.82404 1.35429 
0.607 0.824717 1.35396 
0.6075 0.825394 1.35362 
0.608 0.826071 1.35328 
0.6085 0.826748 1.35294 
0.609 0.827424 1.3526 
0.6095 0.8281 1.35225 
0.61 0.828776 1.35191 
0.6105 0.829452 1.35157 
0.611 0.830128 1.35123 
0.6115 0.830803 1.35089 
0.612 0.831479 1.35054 
0.6125 0.832154 1.3502 
0.613 0.832829 1.34985 
0.6135 0.833504 1.34951 
0.614 0.834178 1.34916 
0.6145 0.834853 1.34882 
0.615 0.835527 1.34847 
0.6155 0.836201 1.34812 
0.616 0.836875 1.34778 
0.6165 0.837549 1.34743 
0.617 0.838223 1.34708 
0.6175 0.838896 1.34673 
0.618 0.839569 1.34638 
0.6185 0.840243 1.34604 
0.619 0.840915 1.34569 
0.6195 0.841588 1.34533 
0.62 0.842261 1.34498 
0.6205 0.842933 1.34463 
0.621 0.843605 1.34428 
0.6215 0.844277 1.34393 
0.622 0.844949 1.34358 
0.6225 0.845621 1.34322 
0.623 0.846293 1.34287 
0.6235 0.846964 1.34252 
0.624 0.847635 1.34216 
0.6245 0.848306 1.34181 
0.625 0.848977 1.34145 
0.6255 0.849648 1.3411 
0.626 0.850318 1.34074 
0.6265 0.850988 1.34038 
0.627 0.851658 1.34003 
0.6275 0.852328 1.33967 
0.628 0.852998 1.33931 
0.6285 0.853668 1.33895 
0.629 0.854337 1.33859 
0.6295 0.855006 1.33823 
0.63 0.855675 1.33787 
0.6305 0.856344 1.33751 
0.631 0.857013 1.33715 
0.6315 0.857681 1.33679 
0.632 0.85835 1.33643 
0.6325 0.859018 1.33607 
0.633 0.859686 1.33571 
0.6335 0.860353 1.33535 
0.634 0.861021 1.33498 
0.6345 0.861688 1.33462 
0.635 0.862356 1.33425 
0.6355 0.863023 1.33389 
0.636 0.863689 1.33353 
0.6365 0.864356 1.33316 
0.637 0.865023 1.33279 
0.6375 0.865689 1.33243 
0.638 0.866355 1.33206 
0.6385 0.867021 1.33169 
0.639 0.867687 1.33133 
0.6395 0.868352 1.33096 
0.64 0.869018 1.33059 
0.6405 0.869683 1.33022 
0.641 0.870348 1.32985 
0.6415 0.871013 1.32948 
0.642 0.871677 1.32911 
0.6425 0.872342 1.32874 
0.643 0.873006 1.32837 
0.6435 0.87367 1.328 
0.644 0.874334 1.32763 
0.6445 0.874998 1.32726 
0.645 0.875661 1.32689 
0.6455 0.876325 1.32651 
0.646 0.876988 1.32614 
0.6465 0.877651 1.32577 
0.647 0.878314 1.32539 
0.6475 0.878976 1.32502 
0.648 0.879639 1.32464 
0.6485 0.880301 1.32427 
0.649 0.880963 1.32389 
0.6495 0.881625 1.32352 
0.65 0.882287 1.32314 
0.6505 0.882948 1.32276 
0.651 0.883609 1.32239 
0.6515 0.88427 1.32201 
0.652 0.884931 1.32163 
0.6525 0.885592 1.32125 
0.653 0.886253 1.32087 
0.6535 0.886913 1.3205 
0.654 0.887573 1.32012 
0.6545 0.888233 1.31974 
0.655 0.888893 1.31936 
0.6555 0.889552 1.31898 
0.656 0.890212 1.31859 
0.6565 0.890871 1.31821 
0.657 0.89153 1.31783 
0.6575 0.892189 1.31745 
0.658 0.892847 1.31707 
0.6585 0.893506 1.31668 
0.659 0.894164 1.3163 
0.6595 0.894822 1.31592 
0.66 0.89548 1.31553 
0.6605 0.896138 1.31515 
0.661 0.896795 1.31476 
0.6615 0.897452 1.31438 
0.662 0.89811 1.31399 
0.6625 0.898766 1.3136 
0.663 0.899423 1.31322 
0.6635 0.90008 1.31283 
0.664 0.900736 1.31244 
0.6645 0.901392 1.31206 
0.665 0.902048 1.31167 
0.6655 0.902704 1.31128 
0.666 0.903359 1.31089 
0.6665 0.904015 1.3105 
0.667 0.90467 1.31011 
0.6675 0.905325 1.30972 
0.668 0.90598 1.30933 
0.6685 0.906634 1.30894 
0.669 0.907288 1.30855 
0.6695 0.907943 1.30816 
0.67 0.908597 1.30777 
0.6705 0.90925 1.30737 
0.671 0.909904 1.30698 
0.6715 0.910557 1.30659 
0.672 0.911211 1.30619 
0.6725 0.911864 1.3058 
0.673 0.912516 1.30541 
0.6735 0.913169 1.30501 
0.674 0.913821 1.30462 
0.6745 0.914474 1.30422 
0.675 0.915126 1.30383 
0.6755 0.915777 1.30343 
0.676 0.916429 1.30303 
0.6765 0.91708 1.30264 
0.677 0.917732 1.30224 
0.6775 0.918383 1.30184 
0.678 0.919034 1.30145 
0.6785 0.919684 1.30105 
0.679 0.920335 1.30065 
0.6795 0.920985 1.30025 
0.68 0.921635 1.29985 
0.6805 0.922285 1.29945 
0.681 0.922934 1.29905 
0.6815 0.923584 1.29865 
0.682 0.924233 1.29825 
0.6825 0.924882 1.29785 
0.683 0.925531 1.29745 
0.6835 0.926179 1.29705 
0.684 0.926828 1.29665 
0.6845 0.927476 1.29624 
0.685 0.928124 1.29584 
0.6855 0.928772 1.29544 
0.686 0.92942 1.29504 
0.6865 0.930067 1.29463 
0.687 0.930714 1.29423 
0.6875 0.931361 1.29382 
0.688 0.932008 1.29342 
0.6885 0.932655 1.29301 
0.689 0.933301 1.29261 
0.6895 0.933947 1.2922 
0.69 0.934593 1.2918 
0.6905 0.935239 1.29139 
0.691 0.935885 1.29098 
0.6915 0.93653 1.29058 
0.692 0.937175 1.29017 
0.6925 0.93782 1.28976 
0.693 0.938465 1.28935 
0.6935 0.939109 1.28894 
0.694 0.939754 1.28854 
0.6945 0.940398 1.28813 
0.695 0.941042 1.28772 
0.6955 0.941686 1.28731 
0.696 0.942329 1.2869 
0.6965 0.942973 1.28649 
0.697 0.943616 1.28608 
0.6975 0.944259 1.28567 
0.698 0.944901 1.28525 
0.6985 0.945544 1.28484 
0.699 0.946186 1.28443 
0.6995 0.946828 1.28402 
0.7 0.94747 1.2836 
0.7005 0.948112 1.28319 
0.701 0.948754 1.28278 
0.7015 0.949395 1.28236 
0.702 0.950036 1.28195 
0.7025 0.950677 1.28154 
0.703 0.951317 1.28112 
0.7035 0.951958 1.28071 
0.704 0.952598 1.28029 
0.7045 0.953238 1.27988 
0.705 0.953878 1.27946 
0.7055 0.954518 1.27904 
0.706 0.955157 1.27863 
0.7065 0.955796 1.27821 
0.707 0.956435 1.27779 
0.7075 0.957074 1.27738 
0.708 0.957713 1.27696 
0.7085 0.958351 1.27654 
0.709 0.958989 1.27612 
0.7095 0.959627 1.2757 
0.71 0.960265 1.27528 
0.7105 0.960902 1.27486 
0.711 0.96154 1.27444 
0.7115 0.962177 1.27402 
0.712 0.962814 1.2736 
0.7125 0.96345 1.27318 
0.713 0.964087 1.27276 
0.7135 0.964723 1.27234 
0.714 0.965359 1.27192 
0.7145 0.965995 1.2715 
0.715 0.966631 1.27108 
0.7155 0.967266 1.27065 
0.716 0.967901 1.27023 
0.7165 0.968536 1.26981 
0.717 0.969171 1.26938 
0.7175 0.969806 1.26896 
0.718 0.97044 1.26854 
0.7185 0.971074 1.26811 
0.719 0.971708 1.26769 
0.7195 0.972342 1.26726 
0.72 0.972976 1.26684 
0.7205 0.973609 1.26641 
0.721 0.974242 1.26599 
0.7215 0.974875 1.26556 
0.722 0.975508 1.26513 
0.7225 0.97614 1.26471 
0.723 0.976772 1.26428 
0.7235 0.977404 1.26385 
0.724 0.978036 1.26342 
0.7245 0.978668 1.263 
0.725 0.979299 1.26257 
0.7255 0.97993 1.26214 
0.726 0.980561 1.26171 
0.7265 0.981192 1.26128 
0.727 0.981823 1.26085 
0.7275 0.982453 1.26042 
0.728 0.983083 1.25999 
0.7285 0.983713 1.25956 
0.729 0.984342 1.25913 
0.7295 0.984972 1.2587 
0.73 0.985601 1.25827 
0.7305 0.98623 1.25784 
0.731 0.986859 1.25741 
0.7315 0.987488 1.25698 
0.732 0.988116 1.25654 
0.7325 0.988744 1.25611 
0.733 0.989372 1.25568 
0.7335 0.99 1.25525 
0.734 0.990627 1.25481 
0.7345 0.991255 1.25438 
0.735 0.991882 1.25395 
0.7355 0.992509 1.25351 
0.736 0.993135 1.25308 
0.7365 0.993762 1.25264 
0.737 0.994388 1.25221 
0.7375 0.995014 1.25177 
0.738 0.99564 1.25134 
0.7385 0.996265 1.2509 
0.739 0.996891 1.25047 
0.7395 0.997516 1.25003 
0.74 0.998141 1.24959 
0.7405 0.998765 1.24916 
0.741 0.99939 1.24872 
0.7415 1.00001 1.24828 
0.742 1.00064 1.24784 
0.7425 1.00126 1.24741 
0.743 1.00189 1.24697 
0.7435 1.00251 1.24653 
0.744 1.00313 1.24609 
0.7445 1.00375 1.24565 
0.745 1.00438 1.24521 
0.7455 1.005 1.24477 
0.746 1.00562 1.24433 
0.7465 1.00624 1.24389 
0.747 1.00687 1.24345 
0.7475 1.00749 1.24301 
0.748 1.00811 1.24257 
0.7485 1.00873 1.24213 
0.749 1.00935 1.24169 
0.7495 1.00997 1.24125 
0.75 1.01059 1.24081 
0.7505 1.01121 1.24036 
0.751 1.01183 1.23992 
0.7515 1.01245 1.23948 
0.752 1.01307 1.23904 
0.7525 1.01369 1.23859 
0.753 1.01431 1.23815 
0.7535 1.01493 1.23771 
0.754 1.01555 1.23726 
0.7545 1.01617 1.23682 
0.755 1.01679 1.23637 
0.7555 1.0174 1.23593 
0.756 1.01802 1.23549 
0.7565 1.01864 1.23504 
0.757 1.01926 1.23459 
0.7575 1.01987 1.23415 
0.758 1.02049 1.2337 
0.7585 1.02111 1.23326 
0.759 1.02172 1.23281 
0.7595 1.02234 1.23236 
0.76 1.02296 1.23192 
0.7605 1.02357 1.23147 
0.761 1.02419 1.23102 
0.7615 1.0248 1.23058 
0.762 1.02542 1.23013 
0.7625 1.02603 1.22968 
0.763 1.02665 1.22923 
0.7635 1.02726 1.22878 
0.764 1.02788 1.22833 
0.7645 1.02849 1.22789 
0.765 1.0291 1.22744 
0.7655 1.02972 1.22699 
0.766 1.03033 1.22654 
0.7665 1.03094 1.22609 
0.767 1.03156 1.22564 
0.7675 1.03217 1.22519 
0.768 1.03278 1.22474 
0.7685 1.0334 1.22429 
0.769 1.03401 1.22383 
0.7695 1.03462 1.22338 
0.77 1.03523 1.22293 
0.7705 1.03584 1.22248 
0.771 1.03645 1.22203 
0.7715 1.03706 1.22158 
0.772 1.03767 1.22112 
0.7725 1.03829 1.22067 
0.773 1.0389 1.22022 
0.7735 1.03951 1.21976 
0.774 1.04012 1.21931 
0.7745 1.04072 1.21886 
0.775 1.04133 1.2184 
0.7755 1.04194 1.21795 
0.776 1.04255 1.2175 
0.7765 1.04316 1.21704 
0.777 1.04377 1.21659 
0.7775 1.04438 1.21613 
0.778 1.04499 1.21568 
0.7785 1.04559 1.21522 
0.779 1.0462 1.21477 
0.7795 1.04681 1.21431 
0.78 1.04741 1.21385 
0.7805 1.04802 1.2134 
0.781 1.04863 1.21294 
0.7815 1.04923 1.21248 
0.782 1.04984 1.21203 
0.7825 1.05045 1.21157 
0.783 1.05105 1.21111 
0.7835 1.05166 1.21066 
0.784 1.05226 1.2102 
0.7845 1.05287 1.20974 
0.785 1.05347 1.20928 
0.7855 1.05408 1.20882 
0.786 1.05468 1.20836 
0.7865 1.05529 1.20791 
0.787 1.05589 1.20745 
0.7875 1.05649 1.20699 
0.788 1.0571 1.20653 
0.7885 1.0577 1.20607 
0.789 1.0583 1.20561 
0.7895 1.05891 1.20515 
0.79 1.05951 1.20469 
0.7905 1.06011 1.20423 
0.791 1.06071 1.20377 
0.7915 1.06131 1.20331 
0.792 1.06192 1.20284 
0.7925 1.06252 1.20238 
0.793 1.06312 1.20192 
0.7935 1.06372 1.20146 
0.794 1.06432 1.201 
0.7945 1.06492 1.20054 
0.795 1.06552 1.20007 
0.7955 1.06612 1.19961 
0.796 1.06672 1.19915 
0.7965 1.06732 1.19869 
0.797 1.06792 1.19822 
0.7975 1.06852 1.19776 
0.798 1.06912 1.1973 
0.7985 1.06971 1.19683 
0.799 1.07031 1.19637 
0.7995 1.07091 1.1959 
0.8 1.07151 1.19544 
0.8005 1.07211 1.19498 
0.801 1.0727 1.19451 
0.8015 1.0733 1.19405 
0.802 1.0739 1.19358 
0.8025 1.07449 1.19312 
0.803 1.07509 1.19265 
0.8035 1.07569 1.19219 
0.804 1.07628 1.19172 
0.8045 1.07688 1.19125 
0.805 1.07747 1.19079 
0.8055 1.07807 1.19032 
0.806 1.07866 1.18985 
0.8065 1.07926 1.18939 
0.807 1.07985 1.18892 
0.8075 1.08045 1.18845 
0.808 1.08104 1.18799 
0.8085 1.08164 1.18752 
0.809 1.08223 1.18705 
0.8095 1.08282 1.18658 
0.81 1.08342 1.18612 
0.8105 1.08401 1.18565 
0.811 1.0846 1.18518 
0.8115 1.08519 1.18471 
0.812 1.08579 1.18424 
0.8125 1.08638 1.18377 
0.813 1.08697 1.1833 
0.8135 1.08756 1.18283 
0.814 1.08815 1.18237 
0.8145 1.08874 1.1819 
0.815 1.08933 1.18143 
0.8155 1.08993 1.18096 
0.816 1.09052 1.18049 
0.8165 1.09111 1.18002 
0.817 1.0917 1.17955 
0.8175 1.09229 1.17907 
0.818 1.09287 1.1786 
0.8185 1.09346 1.17813 
0.819 1.09405 1.17766 
0.8195 1.09464 1.17719 
0.82 1.09523 1.17672 
0.8205 1.09582 1.17625 
0.821 1.09641 1.17578 
0.8215 1.09699 1.1753 
0.822 1.09758 1.17483 
0.8225 1.09817 1.17436 
0.823 1.09876 1.17389 
0.8235 1.09934 1.17341 
0.824 1.09993 1.17294 
0.8245 1.10052 1.17247 
0.825 1.1011 1.17199 
0.8255 1.10169 1.17152 
0.826 1.10227 1.17105 
0.8265 1.10286 1.17057 
0.827 1.10344 1.1701 
0.8275 1.10403 1.16963 
0.828 1.10461 1.16915 
0.8285 1.1052 1.16868 
0.829 1.10578 1.1682 
0.8295 1.10637 1.16773 
0.83 1.10695 1.16725 
0.8305 1.10753 1.16678 
0.831 1.10812 1.1663 
0.8315 1.1087 1.16583 
0.832 1.10928 1.16535 
0.8325 1.10987 1.16488 
0.833 1.11045 1.1644 
0.8335 1.11103 1.16393 
0.834 1.11161 1.16345 
0.8345 1.11219 1.16297 
0.835 1.11277 1.1625 
0.8355 1.11336 1.16202 
0.836 1.11394 1.16154 
0.8365 1.11452 1.16107 
0.837 1.1151 1.16059 
0.8375 1.11568 1.16011 
0.838 1.11626 1.15964 
0.8385 1.11684 1.15916 
0.839 1.11742 1.15868 
0.8395 1.118 1.1582 
0.84 1.11858 1.15772 
0.8405 1.11915 1.15725 
0.841 1.11973 1.15677 
0.8415 1.12031 1.15629 
0.842 1.12089 1.15581 
0.8425 1.12147 1.15533 
0.843 1.12204 1.15485 
0.8435 1.12262 1.15438 
0.844 1.1232 1.1539 
0.8445 1.12378 1.15342 
0.845 1.12435 1.15294 
0.8455 1.12493 1.15246 
0.846 1.1255 1.15198 
0.8465 1.12608 1.1515 
0.847 1.12666 1.15102 
0.8475 1.12723 1.15054 
0.848 1.12781 1.15006 
0.8485 1.12838 1.14958 
0.849 1.12896 1.1491 
0.8495 1.12953 1.14862 
0.85 1.1301 1.14814 
0.8505 1.13068 1.14766 
0.851 1.13125 1.14718 
0.8515 1.13183 1.14669 
0.852 1.1324 1.14621 
0.8525 1.13297 1.14573 
0.853 1.13354 1.14525 
0.8535 1.13412 1.14477 
0.854 1.13469 1.14429 
0.8545 1.13526 1.14381 
0.855 1.13583 1.14332 
0.8555 1.1364 1.14284 
0.856 1.13698 1.14236 
0.8565 1.13755 1.14188 
0.857 1.13812 1.14139 
0.8575 1.13869 1.14091 
0.858 1.13926 1.14043 
0.8585 1.13983 1.13995 
0.859 1.1404 1.13946 
0.8595 1.14097 1.13898 
0.86 1.14154 1.1385 
0.8605 1.14211 1.13801 
0.861 1.14268 1.13753 
0.8615 1.14324 1.13704 
0.862 1.14381 1.13656 
0.8625 1.14438 1.13608 
0.863 1.14495 1.13559 
0.8635 1.14552 1.13511 
0.864 1.14608 1.13462 
0.8645 1.14665 1.13414 
0.865 1.14722 1.13366 
0.8655 1.14778 1.13317 
0.866 1.14835 1.13269 
0.8665 1.14892 1.1322 
0.867 1.14948 1.13172 
0.8675 1.15005 1.13123 
0.868 1.15061 1.13075 
0.8685 1.15118 1.13026 
0.869 1.15174 1.12977 
0.8695 1.15231 1.12929 
0.87 1.15287 1.1288 
0.8705 1.15344 1.12832 
0.871 1.154 1.12783 
0.8715 1.15457 1.12735 
0.872 1.15513 1.12686 
0.8725 1.15569 1.12637 
0.873 1.15626 1.12589 
0.8735 1.15682 1.1254 
0.874 1.15738 1.12491 
0.8745 1.15794 1.12443 
0.875 1.15851 1.12394 
0.8755 1.15907 1.12345 
0.876 1.15963 1.12297 
0.8765 1.16019 1.12248 
0.877 1.16075 1.12199 
0.8775 1.16131 1.1215 
0.878 1.16187 1.12102 
0.8785 1.16243 1.12053 
0.879 1.16299 1.12004 
0.8795 1.16355 1.11955 
0.88 1.16411 1.11906 
0.8805 1.16467 1.11858 
0.881 1.16523 1.11809 
0.8815 1.16579 1.1176 
0.882 1.16635 1.11711 
0.8825 1.16691 1.11662 
0.883 1.16747 1.11613 
0.8835 1.16802 1.11565 
0.884 1.16858 1.11516 
0.8845 1.16914 1.11467 
0.885 1.1697 1.11418 
0.8855 1.17025 1.11369 
0.886 1.17081 1.1132 
0.8865 1.17137 1.11271 
0.887 1.17192 1.11222 
0.8875 1.17248 1.11173 
0.888 1.17303 1.11124 
0.8885 1.17359 1.11075 
0.889 1.17415 1.11026 
0.8895 1.1747 1.10977 
0.89 1.17526 1.10928 
0.8905 1.17581 1.10879 
0.891 1.17636 1.1083 
0.8915 1.17692 1.10781 
0.892 1.17747 1.10732 
0.8925 1.17803 1.10683 
0.893 1.17858 1.10634 
0.8935 1.17913 1.10585 
0.894 1.17968 1.10536 
0.8945 1.18024 1.10487 
0.895 1.18079 1.10438 
0.8955 1.18134 1.10389 
0.896 1.18189 1.1034 
0.8965 1.18245 1.10291 
0.897 1.183 1.10242 
0.8975 1.18355 1.10192 
0.898 1.1841 1.10143 
0.8985 1.18465 1.10094 
0.899 1.1852 1.10045 
0.8995 1.18575 1.09996 
0.9 1.1863 1.09947 
0.9005 1.18685 1.09897 
0.901 1.1874 1.09848 
0.9015 1.18795 1.09799 
0.902 1.1885 1.0975 
0.9025 1.18904 1.09701 
0.903 1.18959 1.09651 
0.9035 1.19014 1.09602 
0.904 1.19069 1.09553 
0.9045 1.19124 1.09504 
0.905 1.19178 1.09454 
0.9055 1.19233 1.09405 
0.906 1.19288 1.09356 
0.9065 1.19342 1.09307 
0.907 1.19397 1.09257 
0.9075 1.19452 1.09208 
0.908 1.19506 1.09159 
0.9085 1.19561 1.09109 
0.909 1.19615 1.0906 
0.9095 1.1967 1.09011 
0.91 1.19724 1.08961 
0.9105 1.19779 1.08912 
0.911 1.19833 1.08863 
0.9115 1.19888 1.08813 
0.912 1.19942 1.08764 
0.9125 1.19997 1.08715 
0.913 1.20051 1.08665 
0.9135 1.20105 1.08616 
0.914 1.2016 1.08566 
0.9145 1.20214 1.08517 
0.915 1.20268 1.08468 
0.9155 1.20322 1.08418 
0.916 1.20376 1.08369 
0.9165 1.20431 1.08319 
0.917 1.20485 1.0827 
0.9175 1.20539 1.0822 
0.918 1.20593 1.08171 
0.9185 1.20647 1.08121 
0.919 1.20701 1.08072 
0.9195 1.20755 1.08022 
0.92 1.20809 1.07973 
0.9205 1.20863 1.07924 
0.921 1.20917 1.07874 
0.9215 1.20971 1.07825 
0.922 1.21025 1.07775 
0.9225 1.21079 1.07726 
0.923 1.21133 1.07676 
0.9235 1.21186 1.07626 
0.924 1.2124 1.07577 
0.9245 1.21294 1.07527 
0.925 1.21348 1.07478 
0.9255 1.21401 1.07428 
0.926 1.21455 1.07379 
0.9265 1.21509 1.07329 
0.927 1.21563 1.0728 
0.9275 1.21616 1.0723 
0.928 1.2167 1.0718 
0.9285 1.21723 1.07131 
0.929 1.21777 1.07081 
0.9295 1.2183 1.07032 
0.93 1.21884 1.06982 
0.9305 1.21937 1.06932 
0.931 1.21991 1.06883 
0.9315 1.22044 1.06833 
0.932 1.22098 1.06784 
0.9325 1.22151 1.06734 
0.933 1.22204 1.06684 
0.9335 1.22258 1.06635 
0.934 1.22311 1.06585 
0.9345 1.22364 1.06535 
0.935 1.22418 1.06486 
0.9355 1.22471 1.06436 
0.936 1.22524 1.06386 
0.9365 1.22577 1.06337 
0.937 1.2263 1.06287 
0.9375 1.22683 1.06237 
0.938 1.22737 1.06188 
0.9385 1.2279 1.06138 
0.939 1.22843 1.06088 
0.9395 1.22896 1.06038 
0.94 1.22949 1.05989 
0.9405 1.23002 1.05939 
0.941 1.23055 1.05889 
0.9415 1.23108 1.0584 
0.942 1.23161 1.0579 
0.9425 1.23213 1.0574 
0.943 1.23266 1.0569 
0.9435 1.23319 1.05641 
0.944 1.23372 1.05591 
0.9445 1.23425 1.05541 
0.945 1.23477 1.05491 
0.9455 1.2353 1.05442 
0.946 1.23583 1.05392 
0.9465 1.23636 1.05342 
0.947 1.23688 1.05292 
0.9475 1.23741 1.05243 
0.948 1.23793 1.05193 
0.9485 1.23846 1.05143 
0.949 1.23899 1.05093 
0.9495 1.23951 1.05043 
0.95 1.24004 1.04994 
0.9505 1.24056 1.04944 
0.951 1.24109 1.04894 
0.9515 1.24161 1.04844 
0.952 1.24213 1.04794 
0.9525 1.24266 1.04744 
0.953 1.24318 1.04695 
0.9535 1.24371 1.04645 
0.954 1.24423 1.04595 
0.9545 1.24475 1.04545 
0.955 1.24527 1.04495 
0.9555 1.2458 1.04445 
0.956 1.24632 1.04396 
0.9565 1.24684 1.04346 
0.957 1.24736 1.04296 
0.9575 1.24788 1.04246 
0.958 1.2484 1.04196 
0.9585 1.24893 1.04146 
0.959 1.24945 1.04096 
0.9595 1.24997 1.04047 
0.96 1.25049 1.03997 
0.9605 1.25101 1.03947 
0.961 1.25153 1.03897 
0.9615 1.25205 1.03847 
0.962 1.25256 1.03797 
0.9625 1.25308 1.03747 
0.963 1.2536 1.03697 
0.9635 1.25412 1.03648 
0.964 1.25464 1.03598 
0.9645 1.25516 1.03548 
0.965 1.25567 1.03498 
0.9655 1.25619 1.03448 
0.966 1.25671 1.03398 
0.9665 1.25723 1.03348 
0.967 1.25774 1.03298 
0.9675 1.25826 1.03248 
0.968 1.25877 1.03198 
0.9685 1.25929 1.03148 
0.969 1.25981 1.03098 
0.9695 1.26032 1.03049 
0.97 1.26084 1.02999 
0.9705 1.26135 1.02949 
0.971 1.26187 1.02899 
0.9715 1.26238 1.02849 
0.972 1.26289 1.02799 
0.9725 1.26341 1.02749 
0.973 1.26392 1.02699 
0.9735 1.26443 1.02649 
0.974 1.26495 1.02599 
0.9745 1.26546 1.02549 
0.975 1.26597 1.02499 
0.9755 1.26649 1.02449 
0.976 1.267 1.02399 
0.9765 1.26751 1.02349 
0.977 1.26802 1.02299 
0.9775 1.26853 1.02249 
0.978 1.26904 1.02199 
0.9785 1.26955 1.02149 
0.979 1.27007 1.021 
0.9795 1.27058 1.0205 
0.98 1.27109 1.02 
0.9805 1.2716 1.0195 
0.981 1.27211 1.019 
0.9815 1.27261 1.0185 
0.982 1.27312 1.018 
0.9825 1.27363 1.0175 
0.983 1.27414 1.017 
0.9835 1.27465 1.0165 
0.984 1.27516 1.016 
0.9845 1.27567 1.0155 
0.985 1.27617 1.015 
0.9855 1.27668 1.0145 
0.986 1.27719 1.014 
0.9865 1.27769 1.0135 
0.987 1.2782 1.013 
0.9875 1.27871 1.0125 
0.988 1.27921 1.012 
0.9885 1.27972 1.0115 
0.989 1.28023 1.011 
0.9895 1.28073 1.0105 
0.99 1.28124 1.01 
0.9905 1.28174 1.0095 
0.991 1.28225 1.009 
0.9915 1.28275 1.0085 
0.992 1.28325 1.008 
0.9925 1.28376 1.0075 
0.993 1.28426 1.007 
0.9935 1.28476 1.0065 
0.994 1.28527 1.006 
0.9945 1.28577 1.0055 
0.995 1.28627 1.005 
0.9955 1.28678 1.0045 
0.996 1.28728 1.004 
0.9965 1.28778 1.0035 
0.997 1.28828 1.003 
0.9975 1.28878 1.0025 
0.998 1.28928 1.002 
0.9985 1.28978 1.0015 
0.999 1.29029 1.001 
0.9995 1.29079 1.0005 
1 1.29129 1 
