10 0.0754195
11 0.0646825
13 0.0516189
14 0.0672185
16 0.0676175
18 0.0552658
20 0.0567714
22 0.0512906
25 0.0385279
28 0.037867
32 0.037572
35 0.03989
40 0.0411819
45 0.0338433
50 0.029788
56 0.0328317
63 0.027921
71 0.0260122
79 0.0255166
89 0.0262978
100 0.0218942
112 0.0217709
126 0.0212004
141 0.0194613
158 0.0198583
178 0.0166598
200 0.0172738
224 0.0157716
251 0.0152407
282 0.0137461
316 0.0134931
355 0.0125
398 0.0121628
447 0.0110323
501 0.0105484
562 0.0099326
631 0.00948051
708 0.00852685
794 0.00836027
891 0.00783217
1000 0.00723543
1122 0.00701927
1259 0.00654307
1413 0.00607455
1585 0.0059914
1778 0.00556509
1995 0.0053408
2239 0.00497289
2512 0.00474285
2818 0.00447721
3162 0.00423887
3548 0.0039404
3981 0.00374724
4467 0.00353173
5012 0.00330778
5623 0.00313466
6310 0.00299166
7079 0.00278887
7943 0.00265608
8913 0.00251383
10000 0.00235432
11220 0.00223555
12589 0.00210894
14125 0.00198924
15849 0.00185683
17783 0.00176293
19953 0.00167058
22387 0.0015729
25119 0.00147994
28184 0.00140619
31623 0.001325
35481 0.0012485
39811 0.00118199
44668 0.00111775
50119 0.00105569
56234 0.000995661
63096 0.000936042
70795 0.000886135
79433 0.000836713
89125 0.000786675
100000 0.000746665
112202 0.00070323
125893 0.000663038
141254 0.00062502
158489 0.000590085
177828 0.000559807
199526 0.000526846
223872 0.000498091
251189 0.000470779
281838 0.000444255
316228 0.000418884
354813 0.000395616
398107 0.000373264
446684 0.000352647
501187 0.000332953
562341 0.000314468
630957 0.00029664
707946 0.000280105
794328 0.000264153
891251 0.000249618
1000000 0.000235775
1122018 0.000222472
1258925 0.000210061
1412538 0.000198365
1584893 0.000187283
1778279 0.000176775
1995262 0.000166885
2238721 0.000157506
2511886 0.00014861
2818383 0.000140324
3162278 0.000132446
3548134 0.000125097
3981072 0.000118111
4466836 0.000111581
5011872 0.000105279
5623413 9.93808e-05
6309573 9.38742e-05
7079458 8.86012e-05
7943282 8.36175e-05
8912509 7.89491e-05
10000000 7.45516e-05
