1.01053 1 1.01053 1.02116 0 1 2.02105 0.0105263 0.0105817 0.0106741
1.02105 1 1.02105 1.04255 0 1 2.04211 0.0210526 0.0212742 0.0216436
1.03158 1 1.03158 1.06416 0 1 2.06316 0.0315789 0.0320776 0.0329086
1.04211 1 1.04211 1.08598 0 1 2.08421 0.0421053 0.0429917 0.0444691
1.05263 1 1.05263 1.10803 0 1 2.10526 0.0526316 0.0540166 0.056325
1.06316 1 1.06316 1.1303 0 1 2.12632 0.0631579 0.0651524 0.0684765
1.07368 1 1.07368 1.1528 0 1 2.14737 0.0736842 0.0763989 0.0809234
1.08421 1 1.08421 1.17551 0 1 2.16842 0.0842105 0.0877562 0.0936657
1.09474 1 1.09474 1.19845 0 1 2.18947 0.0947368 0.0992244 0.106704
1.10526 1 1.10526 1.22161 0 1 2.21053 0.105263 0.110803 0.120037
1.11579 1 1.11579 1.24499 0 1 2.23158 0.115789 0.122493 0.133666
1.12632 1 1.12632 1.26859 0 1 2.25263 0.126316 0.134294 0.14759
1.13684 1 1.13684 1.29241 0 1 2.27368 0.136842 0.146205 0.16181
1.14737 1 1.14737 1.31645 0 1 2.29474 0.147368 0.158227 0.176325
1.15789 1 1.15789 1.34072 0 1 2.31579 0.157895 0.17036 0.191136
1.16842 1 1.16842 1.36521 0 1 2.33684 0.168421 0.182604 0.206242
1.17895 1 1.17895 1.38992 0 1 2.35789 0.178947 0.194958 0.221644
1.18947 1 1.18947 1.41485 0 1 2.37895 0.189474 0.207424 0.237341
1.2 1 1.2 1.44 0 1 2.4 0.2 0.22 0.253333
1.21053 1 1.21053 1.46537 0 1 2.42105 0.210526 0.232687 0.269621
1.22105 1 1.22105 1.49097 0 1 2.44211 0.221053 0.245485 0.286205
1.23158 1 1.23158 1.51679 0 1 2.46316 0.231579 0.258393 0.303084
1.24211 1 1.24211 1.54283 0 1 2.48421 0.242105 0.271413 0.320259
1.25263 1 1.25263 1.56909 0 1 2.50526 0.252632 0.284543 0.337729
1.26316 1 1.26316 1.59557 0 1 2.52632 0.263158 0.297784 0.355494
1.27368 1 1.27368 1.62227 0 1 2.54737 0.273684 0.311136 0.373555
1.28421 1 1.28421 1.6492 0 1 2.56842 0.284211 0.324598 0.391911
1.29474 1 1.29474 1.67634 0 1 2.58947 0.294737 0.338172 0.410563
1.30526 1 1.30526 1.70371 0 1 2.61053 0.305263 0.351856 0.429511
1.31579 1 1.31579 1.7313 0 1 2.63158 0.315789 0.365651 0.448753
1.32632 1 1.32632 1.75911 0 1 2.65263 0.326316 0.379557 0.468292
1.33684 1 1.33684 1.78715 0 1 2.67368 0.336842 0.393573 0.488126
1.34737 1 1.34737 1.8154 0 1 2.69474 0.347368 0.407701 0.508255
1.35789 1 1.35789 1.84388 0 1 2.71579 0.357895 0.421939 0.52868
1.36842 1 1.36842 1.87258 0 1 2.73684 0.368421 0.436288 0.5494
1.37895 1 1.37895 1.9015 0 1 2.75789 0.378947 0.450748 0.570416
1.38947 1 1.38947 1.93064 0 1 2.77895 0.389474 0.465319 0.591727
1.4 1 1.4 1.96 0 1 2.8 0.4 0.48 0.613333
1.41053 1 1.41053 1.98958 0 1 2.82105 0.410526 0.494792 0.635235
1.42105 1 1.42105 2.01939 0 1 2.84211 0.421053 0.509695 0.657433
1.43158 1 1.43158 2.04942 0 1 2.86316 0.431579 0.524709 0.679926
1.44211 1 1.44211 2.07967 0 1 2.88421 0.442105 0.539834 0.702715
1.45263 1 1.45263 2.11014 0 1 2.90526 0.452632 0.555069 0.725799
1.46316 1 1.46316 2.14083 0 1 2.92632 0.463158 0.570416 0.749178
1.47368 1 1.47368 2.17175 0 1 2.94737 0.473684 0.585873 0.772853
1.48421 1 1.48421 2.20288 0 1 2.96842 0.484211 0.60144 0.796824
1.49474 1 1.49474 2.23424 0 1 2.98947 0.494737 0.617119 0.82109
1.50526 1 1.50526 2.26582 0 1 3.01053 0.505263 0.632909 0.845651
1.51579 1 1.51579 2.29762 0 1 3.03158 0.515789 0.648809 0.870508
1.52632 1 1.52632 2.32964 0 1 3.05263 0.526316 0.66482 0.89566
1.53684 1 1.53684 2.36188 0 1 3.07368 0.536842 0.680942 0.921108
1.54737 1 1.54737 2.39435 0 1 3.09474 0.547368 0.697175 0.946851
1.55789 1 1.55789 2.42704 0 1 3.11579 0.557895 0.713518 0.97289
1.56842 1 1.56842 2.45994 0 1 3.13684 0.568421 0.729972 0.999224
1.57895 1 1.57895 2.49307 0 1 3.15789 0.578947 0.746537 1.02585
1.58947 1 1.58947 2.52643 0 1 3.17895 0.589474 0.763213 1.05278
1.6 1 1.6 2.56 0 1 3.2 0.6 0.78 1.08
1.61053 1 1.61053 2.5938 0 1 3.22105 0.610526 0.796898 1.10752
1.62105 1 1.62105 2.62781 0 1 3.24211 0.621053 0.813906 1.13533
1.63158 1 1.63158 2.66205 0 1 3.26316 0.631579 0.831025 1.16343
1.64211 1 1.64211 2.69651 0 1 3.28421 0.642105 0.848255 1.19184
1.65263 1 1.65263 2.73119 0 1 3.30526 0.652632 0.865596 1.22054
1.66316 1 1.66316 2.76609 0 1 3.32632 0.663158 0.883047 1.24953
1.67368 1 1.67368 2.80122 0 1 3.34737 0.673684 0.900609 1.27882
1.68421 1 1.68421 2.83657 0 1 3.36842 0.684211 0.918283 1.3084
1.69474 1 1.69474 2.87213 0 1 3.38947 0.694737 0.936066 1.33828
1.70526 1 1.70526 2.90792 0 1 3.41053 0.705263 0.953961 1.36846
1.71579 1 1.71579 2.94393 0 1 3.43158 0.715789 0.971967 1.39893
1.72632 1 1.72632 2.98017 0 1 3.45263 0.726316 0.990083 1.4297
1.73684 1 1.73684 3.01662 0 1 3.47368 0.736842 1.00831 1.46076
1.74737 1 1.74737 3.0533 0 1 3.49474 0.747368 1.02665 1.49211
1.75789 1 1.75789 3.09019 0 1 3.51579 0.757895 1.0451 1.52377
1.76842 1 1.76842 3.12731 0 1 3.53684 0.768421 1.06366 1.55572
1.77895 1 1.77895 3.16465 0 1 3.55789 0.778947 1.08233 1.58796
1.78947 1 1.78947 3.20222 0 1 3.57895 0.789474 1.10111 1.6205
1.8 1 1.8 3.24 0 1 3.6 0.8 1.12 1.65333
1.81053 1 1.81053 3.27801 0 1 3.62105 0.810526 1.139 1.68646
1.82105 1 1.82105 3.31623 0 1 3.64211 0.821053 1.15812 1.71989
1.83158 1 1.83158 3.35468 0 1 3.66316 0.831579 1.17734 1.75361
1.84211 1 1.84211 3.39335 0 1 3.68421 0.842105 1.19668 1.78763
1.85263 1 1.85263 3.43224 0 1 3.70526 0.852632 1.21612 1.82194
1.86316 1 1.86316 3.47136 0 1 3.72632 0.863158 1.23568 1.85655
1.87368 1 1.87368 3.51069 0 1 3.74737 0.873684 1.25535 1.89145
1.88421 1 1.88421 3.55025 0 1 3.76842 0.884211 1.27512 1.92665
1.89474 1 1.89474 3.59003 0 1 3.78947 0.894737 1.29501 1.96214
1.90526 1 1.90526 3.63003 0 1 3.81053 0.905263 1.31501 1.99793
1.91579 1 1.91579 3.67025 0 1 3.83158 0.915789 1.33512 2.03402
1.92632 1 1.92632 3.71069 0 1 3.85263 0.926316 1.35535 2.0704
1.93684 1 1.93684 3.75136 0 1 3.87368 0.936842 1.37568 2.10707
1.94737 1 1.94737 3.79224 0 1 3.89474 0.947368 1.39612 2.14404
1.95789 1 1.95789 3.83335 0 1 3.91579 0.957895 1.41668 2.18131
1.96842 1 1.96842 3.87468 0 1 3.93684 0.968421 1.43734 2.21887
1.97895 1 1.97895 3.91623 0 1 3.95789 0.978947 1.45812 2.25673
1.98947 1 1.98947 3.95801 0 1 3.97895 0.989474 1.479 2.29488
2 1 2 4 0 1 4 1 1.5 2.33333
2.01053 1 2.01053 4.04222 0 1 4.02105 1.01053 1.52111 2.3757
2.02105 1 2.02105 4.08465 0 1 4.04211 1.02105 1.54233 2.41858
2.03158 1 2.03158 4.12731 0 1 4.06316 1.03158 1.56366 2.46198
2.04211 1 2.04211 4.17019 0 1 4.08421 1.04211 1.5851 2.50589
2.05263 1 2.05263 4.2133 0 1 4.10526 1.05263 1.60665 2.55032
2.06316 1 2.06316 4.25662 0 1 4.12632 1.06316 1.62831 2.59527
2.07368 1 2.07368 4.30017 0 1 4.14737 1.07368 1.65008 2.64074
2.08421 1 2.08421 4.34393 0 1 4.16842 1.08421 1.67197 2.68672
2.09474 1 2.09474 4.38792 0 1 4.18947 1.09474 1.69396 2.73322
2.10526 1 2.10526 4.43213 0 1 4.21053 1.10526 1.71607 2.78024
2.11579 1 2.11579 4.47657 0 1 4.23158 1.11579 1.73828 2.82777
2.12632 1 2.12632 4.52122 0 1 4.25263 1.12632 1.76061 2.87583
2.13684 1 2.13684 4.56609 0 1 4.27368 1.13684 1.78305 2.9244
2.14737 1 2.14737 4.61119 0 1 4.29474 1.14737 1.8056 2.97348
2.15789 1 2.15789 4.65651 0 1 4.31579 1.15789 1.82825 3.02308
2.16842 1 2.16842 4.70205 0 1 4.33684 1.16842 1.85102 3.0732
2.17895 1 2.17895 4.74781 0 1 4.35789 1.17895 1.87391 3.12384
2.18947 1 2.18947 4.7938 0 1 4.37895 1.18947 1.8969 3.175
2.2 1 2.2 4.84 0 1 4.4 1.2 1.92 3.22667
2.21053 1 2.21053 4.88643 0 1 4.42105 1.21053 1.94321 3.27886
2.22105 1 2.22105 4.93307 0 1 4.44211 1.22105 1.96654 3.33156
2.23158 1 2.23158 4.97994 0 1 4.46316 1.23158 1.98997 3.38478
2.24211 1 2.24211 5.02704 0 1 4.48421 1.24211 2.01352 3.43852
2.25263 1 2.25263 5.07435 0 1 4.50526 1.25263 2.03717 3.49278
2.26316 1 2.26316 5.12188 0 1 4.52632 1.26316 2.06094 3.54755
2.27368 1 2.27368 5.16964 0 1 4.54737 1.27368 2.08482 3.60284
2.28421 1 2.28421 5.21762 0 1 4.56842 1.28421 2.10881 3.65865
2.29474 1 2.29474 5.26582 0 1 4.58947 1.29474 2.13291 3.71498
2.30526 1 2.30526 5.31424 0 1 4.61053 1.30526 2.15712 3.77182
2.31579 1 2.31579 5.36288 0 1 4.63158 1.31579 2.18144 3.82918
2.32632 1 2.32632 5.41175 0 1 4.65263 1.32632 2.20587 3.88705
2.33684 1 2.33684 5.46083 0 1 4.67368 1.33684 2.23042 3.94545
2.34737 1 2.34737 5.51014 0 1 4.69474 1.34737 2.25507 4.00436
2.35789 1 2.35789 5.55967 0 1 4.71579 1.35789 2.27983 4.06379
2.36842 1 2.36842 5.60942 0 1 4.73684 1.36842 2.30471 4.12373
2.37895 1 2.37895 5.65939 0 1 4.75789 1.37895 2.3297 4.18419
2.38947 1 2.38947 5.70958 0 1 4.77895 1.38947 2.35479 4.24517
2.4 1 2.4 5.76 0 1 4.8 1.4 2.38 4.30667
2.41053 1 2.41053 5.81064 0 1 4.82105 1.41053 2.40532 4.36868
2.42105 1 2.42105 5.8615 0 1 4.84211 1.42105 2.43075 4.43121
2.43158 1 2.43158 5.91258 0 1 4.86316 1.43158 2.45629 4.49426
2.44211 1 2.44211 5.96388 0 1 4.88421 1.44211 2.48194 4.55782
2.45263 1 2.45263 6.0154 0 1 4.90526 1.45263 2.5077 4.6219
2.46316 1 2.46316 6.06715 0 1 4.92632 1.46316 2.53357 4.6865
2.47368 1 2.47368 6.11911 0 1 4.94737 1.47368 2.55956 4.75162
2.48421 1 2.48421 6.1713 0 1 4.96842 1.48421 2.58565 4.81725
2.49474 1 2.49474 6.22371 0 1 4.98947 1.49474 2.61186 4.8834
2.50526 1 2.50526 6.27634 0 1 5.01053 1.50526 2.63817 4.95006
2.51579 1 2.51579 6.3292 0 1 5.03158 1.51579 2.6646 5.01725
2.52632 1 2.52632 6.38227 0 1 5.05263 1.52632 2.69114 5.08495
2.53684 1 2.53684 6.43557 0 1 5.07368 1.53684 2.71778 5.15317
2.54737 1 2.54737 6.48909 0 1 5.09474 1.54737 2.74454 5.2219
2.55789 1 2.55789 6.54283 0 1 5.11579 1.55789 2.77141 5.29115
2.56842 1 2.56842 6.59679 0 1 5.13684 1.56842 2.79839 5.36092
2.57895 1 2.57895 6.65097 0 1 5.15789 1.57895 2.82548 5.43121
2.58947 1 2.58947 6.70537 0 1 5.17895 1.58947 2.85269 5.50201
2.6 1 2.6 6.76 0 1 5.2 1.6 2.88 5.57333
2.61053 1 2.61053 6.81485 0 1 5.22105 1.61053 2.90742 5.64517
2.62105 1 2.62105 6.86992 0 1 5.24211 1.62105 2.93496 5.71753
2.63158 1 2.63158 6.92521 0 1 5.26316 1.63158 2.9626 5.7904
2.64211 1 2.64211 6.98072 0 1 5.28421 1.64211 2.99036 5.86379
2.65263 1 2.65263 7.03645 0 1 5.30526 1.65263 3.01823 5.93769
2.66316 1 2.66316 7.09241 0 1 5.32632 1.66316 3.0462 6.01211
2.67368 1 2.67368 7.14859 0 1 5.34737 1.67368 3.07429 6.08705
2.68421 1 2.68421 7.20499 0 1 5.36842 1.68421 3.10249 6.16251
2.69474 1 2.69474 7.26161 0 1 5.38947 1.69474 3.1308 6.23849
2.70526 1 2.70526 7.31845 0 1 5.41053 1.70526 3.15922 6.31498
2.71579 1 2.71579 7.37551 0 1 5.43158 1.71579 3.18776 6.39199
2.72632 1 2.72632 7.4328 0 1 5.45263 1.72632 3.2164 6.46951
2.73684 1 2.73684 7.4903 0 1 5.47368 1.73684 3.24515 6.54755
2.74737 1 2.74737 7.54803 0 1 5.49474 1.74737 3.27402 6.62611
2.75789 1 2.75789 7.60598 0 1 5.51579 1.75789 3.30299 6.70519
2.76842 1 2.76842 7.66416 0 1 5.53684 1.76842 3.33208 6.78478
2.77895 1 2.77895 7.72255 0 1 5.55789 1.77895 3.36127 6.86489
2.78947 1 2.78947 7.78116 0 1 5.57895 1.78947 3.39058 6.94552
2.8 1 2.8 7.84 0 1 5.6 1.8 3.42 7.02667
2.81053 1 2.81053 7.89906 0 1 5.62105 1.81053 3.44953 7.10833
2.82105 1 2.82105 7.95834 0 1 5.64211 1.82105 3.47917 7.19051
2.83158 1 2.83158 8.01784 0 1 5.66316 1.83158 3.50892 7.2732
2.84211 1 2.84211 8.07756 0 1 5.68421 1.84211 3.53878 7.35642
2.85263 1 2.85263 8.13751 0 1 5.70526 1.85263 3.56875 7.44015
2.86316 1 2.86316 8.19767 0 1 5.72632 1.86316 3.59884 7.5244
2.87368 1 2.87368 8.25806 0 1 5.74737 1.87368 3.62903 7.60916
2.88421 1 2.88421 8.31867 0 1 5.76842 1.88421 3.65934 7.69444
2.89474 1 2.89474 8.3795 0 1 5.78947 1.89474 3.68975 7.78024
2.90526 1 2.90526 8.44055 0 1 5.81053 1.90526 3.72028 7.86656
2.91579 1 2.91579 8.50183 0 1 5.83158 1.91579 3.75091 7.95339
2.92632 1 2.92632 8.56332 0 1 5.85263 1.92632 3.78166 8.04074
2.93684 1 2.93684 8.62504 0 1 5.87368 1.93684 3.81252 8.12861
2.94737 1 2.94737 8.68698 0 1 5.89474 1.94737 3.84349 8.21699
2.95789 1 2.95789 8.74914 0 1 5.91579 1.95789 3.87457 8.30589
2.96842 1 2.96842 8.81152 0 1 5.93684 1.96842 3.90576 8.39531
2.97895 1 2.97895 8.87413 0 1 5.95789 1.97895 3.93706 8.48524
2.98947 1 2.98947 8.93695 0 1 5.97895 1.98947 3.96848 8.5757
3 1 3 9 0 1 6 2 4 8.66667
3.01053 1 3.01053 9.06327 0 1 6.02105 2.01053 4.03163 8.76177
3.02105 1 3.02105 9.12676 0 1 6.04211 2.02105 4.06338 8.85762
3.03158 1 3.03158 9.19047 0 1 6.06316 2.03158 4.09524 8.9542
3.04211 1 3.04211 9.2544 0 1 6.08421 2.04211 4.1272 9.05152
3.05263 1 3.05263 9.31856 0 1 6.10526 2.05263 4.15928 9.14958
3.06316 1 3.06316 9.38294 0 1 6.12632 2.06316 4.19147 9.24838
3.07368 1 3.07368 9.44753 0 1 6.14737 2.07368 4.22377 9.34792
3.08421 1 3.08421 9.51235 0 1 6.16842 2.08421 4.25618 9.4482
3.09474 1 3.09474 9.5774 0 1 6.18947 2.09474 4.2887 9.54922
3.10526 1 3.10526 9.64266 0 1 6.21053 2.10526 4.32133 9.65097
3.11579 1 3.11579 9.70814 0 1 6.23158 2.11579 4.35407 9.75346
3.12632 1 3.12632 9.77385 0 1 6.25263 2.12632 4.38693 9.85669
3.13684 1 3.13684 9.83978 0 1 6.27368 2.13684 4.41989 9.96066
3.14737 1 3.14737 9.90593 0 1 6.29474 2.14737 4.45296 10.0654
3.15789 1 3.15789 9.9723 0 1 6.31579 2.15789 4.48615 10.1708
3.16842 1 3.16842 10.0389 0 1 6.33684 2.16842 4.51945 10.277
3.17895 1 3.17895 10.1057 0 1 6.35789 2.17895 4.55285 10.3839
3.18947 1 3.18947 10.1727 0 1 6.37895 2.18947 4.58637 10.4916
3.2 1 3.2 10.24 0 1 6.4 2.2 4.62 10.6
3.21053 1 3.21053 10.3075 0 1 6.42105 2.21053 4.65374 10.7091
3.22105 1 3.22105 10.3752 0 1 6.44211 2.22105 4.68759 10.819
3.23158 1 3.23158 10.4431 0 1 6.46316 2.23158 4.72155 10.9296
3.24211 1 3.24211 10.5112 0 1 6.48421 2.24211 4.75562 11.041
3.25263 1 3.25263 10.5796 0 1 6.50526 2.25263 4.78981 11.1531
3.26316 1 3.26316 10.6482 0 1 6.52632 2.26316 4.8241 11.2659
3.27368 1 3.27368 10.717 0 1 6.54737 2.27368 4.8585 11.3795
3.28421 1 3.28421 10.786 0 1 6.56842 2.28421 4.89302 11.4938
3.29474 1 3.29474 10.8553 0 1 6.58947 2.29474 4.92765 11.6089
3.30526 1 3.30526 10.9248 0 1 6.61053 2.30526 4.96238 11.7247
3.31579 1 3.31579 10.9945 0 1 6.63158 2.31579 4.99723 11.8412
3.32632 1 3.32632 11.0644 0 1 6.65263 2.32632 5.03219 11.9584
3.33684 1 3.33684 11.1345 0 1 6.67368 2.33684 5.06726 12.0765
3.34737 1 3.34737 11.2049 0 1 6.69474 2.34737 5.10244 12.1952
3.35789 1 3.35789 11.2755 0 1 6.71579 2.35789 5.13773 12.3147
3.36842 1 3.36842 11.3463 0 1 6.73684 2.36842 5.17313 12.4349
3.37895 1 3.37895 11.4173 0 1 6.75789 2.37895 5.20864 12.5559
3.38947 1 3.38947 11.4885 0 1 6.77895 2.38947 5.24427 12.6776
3.4 1 3.4 11.56 0 1 6.8 2.4 5.28 12.8
3.41053 1 3.41053 11.6317 0 1 6.82105 2.41053 5.31584 12.9232
3.42105 1 3.42105 11.7036 0 1 6.84211 2.42105 5.3518 13.0471
3.43158 1 3.43158 11.7757 0 1 6.86316 2.43158 5.38787 13.1717
3.44211 1 3.44211 11.8481 0 1 6.88421 2.44211 5.42404 13.2971
3.45263 1 3.45263 11.9207 0 1 6.90526 2.45263 5.46033 13.4233
3.46316 1 3.46316 11.9935 0 1 6.92632 2.46316 5.49673 13.5501
3.47368 1 3.47368 12.0665 0 1 6.94737 2.47368 5.53324 13.6777
3.48421 1 3.48421 12.1397 0 1 6.96842 2.48421 5.56986 13.8061
3.49474 1 3.49474 12.2132 0 1 6.98947 2.49474 5.60659 13.9352
3.50526 1 3.50526 12.2869 0 1 7.01053 2.50526 5.64343 14.065
3.51579 1 3.51579 12.3608 0 1 7.03158 2.51579 5.68039 14.1956
3.52632 1 3.52632 12.4349 0 1 7.05263 2.52632 5.71745 14.3269
3.53684 1 3.53684 12.5093 0 1 7.07368 2.53684 5.75463 14.4589
3.54737 1 3.54737 12.5838 0 1 7.09474 2.54737 5.79191 14.5917
3.55789 1 3.55789 12.6586 0 1 7.11579 2.55789 5.82931 14.7252
3.56842 1 3.56842 12.7336 0 1 7.13684 2.56842 5.86681 14.8595
3.57895 1 3.57895 12.8089 0 1 7.15789 2.57895 5.90443 14.9945
3.58947 1 3.58947 12.8843 0 1 7.17895 2.58947 5.94216 15.1302
3.6 1 3.6 12.96 0 1 7.2 2.6 5.98 15.2667
3.61053 1 3.61053 13.0359 0 1 7.22105 2.61053 6.01795 15.4039
3.62105 1 3.62105 13.112 0 1 7.24211 2.62105 6.05601 15.5418
3.63158 1 3.63158 13.1884 0 1 7.26316 2.63158 6.09418 15.6805
3.64211 1 3.64211 13.2649 0 1 7.28421 2.64211 6.13247 15.8199
3.65263 1 3.65263 13.3417 0 1 7.30526 2.65263 6.17086 15.9601
3.66316 1 3.66316 13.4187 0 1 7.32632 2.66316 6.20936 16.101
3.67368 1 3.67368 13.496 0 1 7.34737 2.67368 6.24798 16.2427
3.68421 1 3.68421 13.5734 0 1 7.36842 2.68421 6.2867 16.385
3.69474 1 3.69474 13.6511 0 1 7.38947 2.69474 6.32554 16.5282
3.70526 1 3.70526 13.729 0 1 7.41053 2.70526 6.36449 16.672
3.71579 1 3.71579 13.8071 0 1 7.43158 2.71579 6.40355 16.8166
3.72632 1 3.72632 13.8854 0 1 7.45263 2.72632 6.44271 16.962
3.73684 1 3.73684 13.964 0 1 7.47368 2.73684 6.48199 17.108
3.74737 1 3.74737 14.0428 0 1 7.49474 2.74737 6.52139 17.2548
3.75789 1 3.75789 14.1218 0 1 7.51579 2.75789 6.56089 17.4024
3.76842 1 3.76842 14.201 0 1 7.53684 2.76842 6.6005 17.5507
3.77895 1 3.77895 14.2804 0 1 7.55789 2.77895 6.64022 17.6997
3.78947 1 3.78947 14.3601 0 1 7.57895 2.78947 6.68006 17.8495
3.8 1 3.8 14.44 0 1 7.6 2.8 6.72 18
3.81053 1 3.81053 14.5201 0 1 7.62105 2.81053 6.76006 18.1512
3.82105 1 3.82105 14.6004 0 1 7.64211 2.82105 6.80022 18.3032
3.83158 1 3.83158 14.681 0 1 7.66316 2.83158 6.8405 18.456
3.84211 1 3.84211 14.7618 0 1 7.68421 2.84211 6.88089 18.6094
3.85263 1 3.85263 14.8428 0 1 7.70526 2.85263 6.92139 18.7636
3.86316 1 3.86316 14.924 0 1 7.72632 2.86316 6.96199 18.9186
3.87368 1 3.87368 15.0054 0 1 7.74737 2.87368 7.00271 19.0742
3.88421 1 3.88421 15.0871 0 1 7.76842 2.88421 7.04355 19.2307
3.89474 1 3.89474 15.169 0 1 7.78947 2.89474 7.08449 19.3878
3.90526 1 3.90526 15.2511 0 1 7.81053 2.90526 7.12554 19.5457
3.91579 1 3.91579 15.3334 0 1 7.83158 2.91579 7.1667 19.7043
3.92632 1 3.92632 15.416 0 1 7.85263 2.92632 7.20798 19.8637
3.93684 1 3.93684 15.4987 0 1 7.87368 2.93684 7.24936 20.0238
3.94737 1 3.94737 15.5817 0 1 7.89474 2.94737 7.29086 20.1847
3.95789 1 3.95789 15.6649 0 1 7.91579 2.95789 7.33247 20.3463
3.96842 1 3.96842 15.7484 0 1 7.93684 2.96842 7.37418 20.5086
3.97895 1 3.97895 15.832 0 1 7.95789 2.97895 7.41601 20.6717
3.98947 1 3.98947 15.9159 0 1 7.97895 2.98947 7.45795 20.8355
4 1 4 16 0 1 8 3 7.5 21
4.01053 1 4.01053 16.0843 0 1 8.02105 3.01053 7.54216 21.1689
4.02105 1 4.02105 16.1689 0 1 8.04211 3.02105 7.58443 21.3388
4.03158 1 4.03158 16.2536 0 1 8.06316 3.03158 7.62681 21.5096
4.04211 1 4.04211 16.3386 0 1 8.08421 3.04211 7.66931 21.6814
4.05263 1 4.05263 16.4238 0 1 8.10526 3.05263 7.71191 21.8541
4.06316 1 4.06316 16.5093 0 1 8.12632 3.06316 7.75463 22.0278
4.07368 1 4.07368 16.5949 0 1 8.14737 3.07368 7.79745 22.2025
4.08421 1 4.08421 16.6808 0 1 8.16842 3.08421 7.84039 22.3781
4.09474 1 4.09474 16.7669 0 1 8.18947 3.09474 7.88343 22.5547
4.10526 1 4.10526 16.8532 0 1 8.21053 3.10526 7.92659 22.7322
4.11579 1 4.11579 16.9397 0 1 8.23158 3.11579 7.96986 22.9107
4.12632 1 4.12632 17.0265 0 1 8.25263 3.12632 8.01324 23.0902
4.13684 1 4.13684 17.1135 0 1 8.27368 3.13684 8.05673 23.2706
4.14737 1 4.14737 17.2007 0 1 8.29474 3.14737 8.10033 23.452
4.15789 1 4.15789 17.2881 0 1 8.31579 3.15789 8.14404 23.6343
4.16842 1 4.16842 17.3757 0 1 8.33684 3.16842 8.18787 23.8177
4.17895 1 4.17895 17.4636 0 1 8.35789 3.17895 8.2318 24.0019
4.18947 1 4.18947 17.5517 0 1 8.37895 3.18947 8.27584 24.1871
4.2 1 4.2 17.64 0 1 8.4 3.2 8.32 24.3733
4.21053 1 4.21053 17.7285 0 1 8.42105 3.21053 8.36427 24.5605
4.22105 1 4.22105 17.8173 0 1 8.44211 3.22105 8.40864 24.7486
4.23158 1 4.23158 17.9063 0 1 8.46316 3.23158 8.45313 24.9377
4.24211 1 4.24211 17.9955 0 1 8.48421 3.24211 8.49773 25.1277
4.25263 1 4.25263 18.0849 0 1 8.50526 3.25263 8.54244 25.3187
4.26316 1 4.26316 18.1745 0 1 8.52632 3.26316 8.58726 25.5106
4.27368 1 4.27368 18.2644 0 1 8.54737 3.27368 8.63219 25.7035
4.28421 1 4.28421 18.3545 0 1 8.56842 3.28421 8.67723 25.8974
4.29474 1 4.29474 18.4448 0 1 8.58947 3.29474 8.72238 26.0922
4.30526 1 4.30526 18.5353 0 1 8.61053 3.30526 8.76765 26.288
4.31579 1 4.31579 18.626 0 1 8.63158 3.31579 8.81302 26.4848
4.32632 1 4.32632 18.717 0 1 8.65263 3.32632 8.8585 26.6825
4.33684 1 4.33684 18.8082 0 1 8.67368 3.33684 8.9041 26.8811
4.34737 1 4.34737 18.8996 0 1 8.69474 3.34737 8.94981 27.0808
4.35789 1 4.35789 18.9912 0 1 8.71579 3.35789 8.99562 27.2814
4.36842 1 4.36842 19.0831 0 1 8.73684 3.36842 9.04155 27.4829
4.37895 1 4.37895 19.1752 0 1 8.75789 3.37895 9.08759 27.6854
4.38947 1 4.38947 19.2675 0 1 8.77895 3.38947 9.13374 27.8889
4.4 1 4.4 19.36 0 1 8.8 3.4 9.18 28.0933
4.41053 1 4.41053 19.4527 0 1 8.82105 3.41053 9.22637 28.2987
4.42105 1 4.42105 19.5457 0 1 8.84211 3.42105 9.27285 28.5051
4.43158 1 4.43158 19.6389 0 1 8.86316 3.43158 9.31945 28.7124
4.44211 1 4.44211 19.7323 0 1 8.88421 3.44211 9.36615 28.9207
4.45263 1 4.45263 19.8259 0 1 8.90526 3.45263 9.41296 29.1299
4.46316 1 4.46316 19.9198 0 1 8.92632 3.46316 9.45989 29.3401
4.47368 1 4.47368 20.0139 0 1 8.94737 3.47368 9.50693 29.5512
4.48421 1 4.48421 20.1081 0 1 8.96842 3.48421 9.55407 29.7634
4.49474 1 4.49474 20.2027 0 1 8.98947 3.49474 9.60133 29.9764
4.50526 1 4.50526 20.2974 0 1 9.01053 3.50526 9.6487 30.1905
4.51579 1 4.51579 20.3924 0 1 9.03158 3.51579 9.69618 30.4055
4.52632 1 4.52632 20.4875 0 1 9.05263 3.52632 9.74377 30.6214
4.53684 1 4.53684 20.5829 0 1 9.07368 3.53684 9.79147 30.8383
4.54737 1 4.54737 20.6786 0 1 9.09474 3.54737 9.83928 31.0562
4.55789 1 4.55789 20.7744 0 1 9.11579 3.55789 9.8872 31.2751
4.56842 1 4.56842 20.8705 0 1 9.13684 3.56842 9.93524 31.4948
4.57895 1 4.57895 20.9668 0 1 9.15789 3.57895 9.98338 31.7156
4.58947 1 4.58947 21.0633 0 1 9.17895 3.58947 10.0316 31.9373
4.6 1 4.6 21.16 0 1 9.2 3.6 10.08 32.16
4.61053 1 4.61053 21.257 0 1 9.22105 3.61053 10.1285 32.3836
4.62105 1 4.62105 21.3541 0 1 9.24211 3.62105 10.1771 32.6082
4.63158 1 4.63158 21.4515 0 1 9.26316 3.63158 10.2258 32.8338
4.64211 1 4.64211 21.5491 0 1 9.28421 3.64211 10.2746 33.0603
4.65263 1 4.65263 21.647 0 1 9.30526 3.65263 10.3235 33.2878
4.66316 1 4.66316 21.745 0 1 9.32632 3.66316 10.3725 33.5162
4.67368 1 4.67368 21.8433 0 1 9.34737 3.67368 10.4217 33.7456
4.68421 1 4.68421 21.9418 0 1 9.36842 3.68421 10.4709 33.976
4.69474 1 4.69474 22.0406 0 1 9.38947 3.69474 10.5203 34.2073
4.70526 1 4.70526 22.1395 0 1 9.41053 3.70526 10.5698 34.4396
4.71579 1 4.71579 22.2387 0 1 9.43158 3.71579 10.6193 34.6728
4.72632 1 4.72632 22.3381 0 1 9.45263 3.72632 10.669 34.907
4.73684 1 4.73684 22.4377 0 1 9.47368 3.73684 10.7188 35.1422
4.74737 1 4.74737 22.5375 0 1 9.49474 3.74737 10.7688 35.3783
4.75789 1 4.75789 22.6376 0 1 9.51579 3.75789 10.8188 35.6154
4.76842 1 4.76842 22.7378 0 1 9.53684 3.76842 10.8689 35.8534
4.77895 1 4.77895 22.8383 0 1 9.55789 3.77895 10.9192 36.0924
4.78947 1 4.78947 22.9391 0 1 9.57895 3.78947 10.9695 36.3324
4.8 1 4.8 23.04 0 1 9.6 3.8 11.02 36.5733
4.81053 1 4.81053 23.1412 0 1 9.62105 3.81053 11.0706 36.8152
4.82105 1 4.82105 23.2425 0 1 9.64211 3.82105 11.1213 37.0581
4.83158 1 4.83158 23.3442 0 1 9.66316 3.83158 11.1721 37.3019
4.84211 1 4.84211 23.446 0 1 9.68421 3.84211 11.223 37.5466
4.85263 1 4.85263 23.548 0 1 9.70526 3.85263 11.274 37.7924
4.86316 1 4.86316 23.6503 0 1 9.72632 3.86316 11.3252 38.039
4.87368 1 4.87368 23.7528 0 1 9.74737 3.87368 11.3764 38.2867
4.88421 1 4.88421 23.8555 0 1 9.76842 3.88421 11.4278 38.5353
4.89474 1 4.89474 23.9584 0 1 9.78947 3.89474 11.4792 38.7849
4.90526 1 4.90526 24.0616 0 1 9.81053 3.90526 11.5308 39.0354
4.91579 1 4.91579 24.165 0 1 9.83158 3.91579 11.5825 39.2869
4.92632 1 4.92632 24.2686 0 1 9.85263 3.92632 11.6343 39.5393
4.93684 1 4.93684 24.3724 0 1 9.87368 3.93684 11.6862 39.7927
4.94737 1 4.94737 24.4765 0 1 9.89474 3.94737 11.7382 40.0471
4.95789 1 4.95789 24.5807 0 1 9.91579 3.95789 11.7904 40.3024
4.96842 1 4.96842 24.6852 0 1 9.93684 3.96842 11.8426 40.5587
4.97895 1 4.97895 24.7899 0 1 9.95789 3.97895 11.895 40.816
4.98947 1 4.98947 24.8948 0 1 9.97895 3.98947 11.9474 41.0742
