0 1 1 1
0.05 1 0.97501 0.975023
0.1 1 0.950083 0.950132
0.15 1 0.925281 0.925388
0.2 1 0.900665 0.900852
0.25 1 0.876298 0.876584
0.3 1 0.85224 0.852644
0.35 1 0.828551 0.82909
0.4 1 0.805291 0.805981
0.45 1 0.782517 0.783372
0.5 1 0.760287 0.761321
0.55 1 0.738656 0.739881
0.6 1 0.717679 0.719104
0.65 1 0.697407 0.699043
0.7 1 0.677891 0.679746
0.75 1 0.65918 0.661261
0.8 1 0.641322 0.643634
0.85 1 0.62436 0.626907
0.9 1 0.608336 0.611123
0.95 1 0.593292 0.596321
1 1 0.579264 0.582536
1.05 1 0.566288 0.569803
1.1 1 0.554396 0.558154
1.15 1 0.543618 0.547617
1.2 1 0.53398 0.538218
1.25 1 0.525507 0.52998
1.3 1 0.51822 0.522924
1.35 1 0.512138 0.517068
1.4 1 0.507275 0.512425
1.45 1 0.503643 0.509008
1.5 1 0.501252 0.506824
1.55 1 0.500107 0.505879
1.6 1 0.500212 0.506176
1.65 1 0.501567 0.507714
1.7 1 0.504167 0.510488
1.75 1 0.508006 0.514493
1.8 1 0.513075 0.519717
1.85 1 0.519361 0.526149
1.9 1 0.526849 0.533772
1.95 1 0.535519 0.542568
2 1 0.54535 0.552514
2.05 1 0.556318 0.563586
2.1 1 0.568394 0.575757
2.15 1 0.581549 0.588997
2.2 1 0.595751 0.603273
2.25 1 0.610962 0.61855
2.3 1 0.627146 0.634789
2.35 1 0.644262 0.651951
2.4 1 0.662267 0.669994
2.45 1 0.681117 0.688873
2.5 1 0.700763 0.708542
2.55 1 0.721157 0.728952
2.6 1 0.742248 0.750052
2.65 1 0.763984 0.771791
2.7 1 0.786309 0.794116
2.75 1 0.809169 0.81697
2.8 1 0.832505 0.840299
2.85 1 0.85626 0.864045
2.9 1 0.880375 0.88815
2.95 1 0.904788 0.912553
3 1 0.929439 0.937196
3.05 1 0.954267 0.962018
3.1 1 0.979209 0.986958
3.15 1 1.0042 1.01196
3.2 1 1.02919 1.03695
3.25 1 1.0541 1.06188
3.3 1 1.07887 1.08668
3.35 1 1.10345 1.11129
3.4 1 1.12777 1.13566
3.45 1 1.15177 1.15972
3.5 1 1.17539 1.18341
3.55 1 1.19857 1.20668
3.6 1 1.22126 1.22947
3.65 1 1.24339 1.25172
3.7 1 1.26492 1.27339
3.75 1 1.28578 1.29441
3.8 1 1.30593 1.31474
3.85 1 1.32531 1.33432
3.9 1 1.34388 1.35312
3.95 1 1.3616 1.37107
4 1 1.3784 1.38815
4.05 1 1.39426 1.4043
4.1 1 1.40914 1.41949
4.15 1 1.42299 1.43369
4.2 1 1.43579 1.44685
4.25 1 1.4475 1.45895
4.3 1 1.45809 1.46995
4.35 1 1.46753 1.47983
4.4 1 1.4758 1.48857
4.45 1 1.48289 1.49614
4.5 1 1.48877 1.50253
4.55 1 1.49342 1.50772
4.6 1 1.49685 1.5117
4.65 1 1.49903 1.51445
4.7 1 1.49996 1.51598
4.75 1 1.49965 1.51627
4.8 1 1.49809 1.51533
4.85 1 1.49528 1.51316
4.9 1 1.49123 1.50977
4.95 1 1.48595 1.50515
5 1 1.47947 1.49933
5.05 1 1.47178 1.49232
5.1 1 1.46291 1.48414
5.15 1 1.45289 1.4748
5.2 1 1.44173 1.46432
5.25 1 1.42947 1.45274
5.3 1 1.41614 1.44009
5.35 1 1.40176 1.42638
5.4 1 1.38639 1.41166
5.45 1 1.37004 1.39596
5.5 1 1.35277 1.37931
5.55 1 1.33462 1.36177
5.6 1 1.31564 1.34337
5.65 1 1.29586 1.32416
5.7 1 1.27535 1.30418
5.75 1 1.25414 1.28348
5.8 1 1.2323 1.26212
5.85 1 1.20988 1.24013
5.9 1 1.18694 1.21759
5.95 1 1.16353 1.19454
6 1 1.13971 1.17104
6.05 1 1.11554 1.14715
6.1 1 1.09108 1.12292
6.15 1 1.0664 1.09842
6.2 1 1.04155 1.0737
6.25 1 1.01659 1.04883
6.3 1 0.991594 1.02386
6.35 1 0.966618 0.998854
6.4 1 0.941726 0.973879
6.45 1 0.916979 0.948994
6.5 1 0.89244 0.924258
6.55 1 0.86817 0.899732
6.6 1 0.844229 0.875478
6.65 1 0.820677 0.851554
6.7 1 0.797574 0.828019
6.75 1 0.774977 0.804931
6.8 1 0.752942 0.782347
6.85 1 0.731525 0.760323
6.9 1 0.710778 0.738912
6.95 1 0.690755 0.718167
7 1 0.671504 0.698139
7.05 1 0.653075 0.678878
7.1 1 0.635513 0.660431
7.15 1 0.618862 0.642844
7.2 1 0.603163 0.62616
7.25 1 0.588456 0.61042
7.3 1 0.574778 0.595663
7.35 1 0.562163 0.581926
7.4 1 0.550642 0.569242
7.45 1 0.540244 0.557643
7.5 1 0.530996 0.547157
7.55 1 0.522919 0.53781
7.6 1 0.516035 0.529626
7.65 1 0.510361 0.522625
7.7 1 0.505911 0.516824
7.75 1 0.502696 0.512237
7.8 1 0.500723 0.508876
7.85 1 0.499999 0.506749
7.9 1 0.500524 0.505861
7.95 1 0.502298 0.506215
8 1 0.505315 0.507809
8.05 1 0.50957 0.51064
8.1 1 0.51505 0.514701
8.15 1 0.521742 0.519981
8.2 1 0.529629 0.526468
8.25 1 0.538692 0.534145
8.3 1 0.548909 0.542994
8.35 1 0.560252 0.552993
8.4 1 0.572695 0.564116
8.45 1 0.586206 0.576337
8.5 1 0.600751 0.589625
8.55 1 0.616294 0.603948
8.6 1 0.632796 0.619269
8.65 1 0.650216 0.635552
8.7 1 0.668511 0.652756
8.75 1 0.687634 0.670839
8.8 1 0.707537 0.689755
8.85 1 0.728172 0.709459
8.9 1 0.749486 0.729901
8.95 1 0.771426 0.751032
9 1 0.793937 0.7728
9.05 1 0.816964 0.79515
9.1 1 0.840448 0.818028
9.15 1 0.864331 0.841377
9.2 1 0.888552 0.865141
9.25 1 0.913053 0.889261
9.3 1 0.937771 0.913677
9.35 1 0.962644 0.93833
9.4 1 0.987611 0.963158
9.45 1 1.01261 0.988103
9.5 1 1.03757 1.0131
9.55 1 1.06245 1.03809
9.6 1 1.08716 1.06302
9.65 1 1.11166 1.08781
9.7 1 1.13588 1.11241
9.75 1 1.15976 1.13677
9.8 1 1.18324 1.16081
9.85 1 1.20626 1.18449
9.9 1 1.22877 1.20774
9.95 1 1.2507 1.2305
10 1 1.27201 1.25273
10.05 1 1.29264 1.27437
10.1 1 1.31254 1.29536
10.15 1 1.33165 1.31566
10.2 1 1.34994 1.3352
10.25 1 1.36735 1.35396
10.3 1 1.38385 1.37188
10.35 1 1.39938 1.38891
10.4 1 1.41392 1.40502
10.45 1 1.42742 1.42017
10.5 1 1.43985 1.43432
10.55 1 1.45119 1.44743
10.6 1 1.46139 1.45948
10.65 1 1.47045 1.47043
10.7 1 1.47832 1.48026
10.75 1 1.48501 1.48895
10.8 1 1.49047 1.49647
10.85 1 1.49472 1.5028
10.9 1 1.49773 1.50793
10.95 1 1.49949 1.51185
11 1 1.5 1.51455
11.05 1 1.49927 1.51602
11.1 1 1.49728 1.51626
11.15 1 1.49406 1.51526
11.2 1 1.4896 1.51304
11.25 1 1.48391 1.50958
11.3 1 1.47702 1.50492
11.35 1 1.46893 1.49904
11.4 1 1.45967 1.49198
11.45 1 1.44926 1.48374
11.5 1 1.43773 1.47435
11.55 1 1.42511 1.46382
11.6 1 1.41142 1.45219
11.65 1 1.39671 1.43948
11.7 1 1.381 1.42573
11.75 1 1.36434 1.41096
11.8 1 1.34677 1.39522
11.85 1 1.32833 1.37853
11.9 1 1.30907 1.36095
11.95 1 1.28904 1.34251
12 1 1.26829 1.32326
12.05 1 1.24687 1.30325
12.1 1 1.22483 1.28252
12.15 1 1.20223 1.26112
12.2 1 1.17912 1.23912
12.25 1 1.15556 1.21655
12.3 1 1.13162 1.19348
12.35 1 1.10735 1.16996
12.4 1 1.08281 1.14605
12.45 1 1.05806 1.12181
12.5 1 1.03316 1.09729
12.55 1 1.00819 1.07256
12.6 1 0.98319 1.04768
12.65 1 0.958235 1.02271
12.7 1 0.933385 0.997709
12.75 1 0.908701 0.972736
12.8 1 0.884245 0.947856
12.85 1 0.860078 0.923128
12.9 1 0.836262 0.898614
12.95 1 0.812854 0.874373
13 1 0.789915 0.850465
13.05 1 0.7675 0.82695
13.1 1 0.745667 0.803883
13.15 1 0.724469 0.781324
13.2 1 0.70396 0.759326
13.25 1 0.68419 0.737944
13.3 1 0.665211 0.71723
13.35 1 0.647068 0.697237
13.4 1 0.629807 0.678012
13.45 1 0.613471 0.659603
13.5 1 0.598102 0.642056
13.55 1 0.583737 0.625414
13.6 1 0.570412 0.609718
13.65 1 0.558162 0.595007
13.7 1 0.547015 0.581317
13.75 1 0.537001 0.568683
13.8 1 0.528144 0.557134
13.85 1 0.520467 0.546699
13.9 1 0.513988 0.537406
13.95 1 0.508724 0.529276
14 1 0.504687 0.522329
14.05 1 0.501889 0.516583
14.1 1 0.500336 0.512052
14.15 1 0.500032 0.508747
14.2 1 0.500977 0.506677
14.25 1 0.50317 0.505846
14.3 1 0.506604 0.506257
14.35 1 0.511272 0.507908
14.4 1 0.517161 0.510795
14.45 1 0.524257 0.514912
14.5 1 0.532543 0.520248
14.55 1 0.541996 0.52679
14.6 1 0.552595 0.534521
14.65 1 0.564311 0.543424
14.7 1 0.577117 0.553474
14.75 1 0.59098 0.564649
14.8 1 0.605865 0.576919
14.85 1 0.621735 0.590256
14.9 1 0.638551 0.604625
14.95 1 0.65627 0.619992
15 1 0.674848 0.636318
15.05 1 0.694239 0.653563
15.1 1 0.714394 0.671685
15.15 1 0.735263 0.690638
15.2 1 0.756794 0.710377
15.25 1 0.778932 0.730853
15.3 1 0.801624 0.752014
15.35 1 0.824811 0.773809
15.4 1 0.848436 0.796185
15.45 1 0.872439 0.819086
15.5 1 0.896762 0.842456
15.55 1 0.921343 0.866238
15.6 1 0.94612 0.890373
15.65 1 0.971032 0.914801
15.7 1 0.996016 0.939463
15.75 1 1.02101 0.964299
15.8 1 1.04595 0.989247
15.85 1 1.07078 1.01425
15.9 1 1.09543 1.03924
15.95 1 1.11984 1.06416
16 1 1.14395 1.08894
16.05 1 1.1677 1.11354
16.1 1 1.19104 1.13788
16.15 1 1.21389 1.16191
16.2 1 1.23621 1.18556
16.25 1 1.25794 1.20879
16.3 1 1.27903 1.23154
16.35 1 1.29942 1.25374
16.4 1 1.31906 1.27535
16.45 1 1.3379 1.29631
16.5 1 1.3559 1.31657
16.55 1 1.37301 1.33608
16.6 1 1.38918 1.3548
16.65 1 1.40439 1.37268
16.7 1 1.41858 1.38967
16.75 1 1.43173 1.40574
16.8 1 1.44379 1.42084
16.85 1 1.45475 1.43495
16.9 1 1.46457 1.44801
16.95 1 1.47323 1.46001
17 1 1.48071 1.47091
17.05 1 1.48698 1.48069
17.1 1 1.49204 1.48932
17.15 1 1.49587 1.49679
17.2 1 1.49846 1.50307
17.25 1 1.4998 1.50814
17.3 1 1.4999 1.51201
17.35 1 1.49874 1.51465
17.4 1 1.49634 1.51606
17.45 1 1.4927 1.51624
17.5 1 1.48783 1.51519
17.55 1 1.48173 1.51291
17.6 1 1.47443 1.5094
17.65 1 1.46595 1.50468
17.7 1 1.4563 1.49875
17.75 1 1.44551 1.49163
17.8 1 1.43361 1.48334
17.85 1 1.42063 1.47389
17.9 1 1.40659 1.46332
17.95 1 1.39154 1.45164
18 1 1.3755 1.43888
18.05 1 1.35853 1.42508
18.1 1 1.34067 1.41027
18.15 1 1.32195 1.39448
18.2 1 1.30243 1.37775
18.25 1 1.28215 1.36013
18.3 1 1.26116 1.34165
18.35 1 1.23953 1.32236
18.4 1 1.21729 1.30232
18.45 1 1.19451 1.28155
18.5 1 1.17125 1.26013
18.55 1 1.14755 1.2381
18.6 1 1.12349 1.2155
18.65 1 1.09912 1.19241
18.7 1 1.0745 1.16887
18.75 1 1.0497 1.14495
18.8 1 1.02477 1.12069
18.85 1 0.999781 1.09616
18.9 1 0.974791 1.07143
18.95 1 0.949864 1.04654
19 1 0.925062 1.02157
19.05 1 0.900448 0.996563
19.1 1 0.876082 0.971594
19.15 1 0.852027 0.946718
19.2 1 0.828341 0.921999
19.25 1 0.805084 0.897496
19.3 1 0.782314 0.873269
19.35 1 0.760089 0.849377
19.4 1 0.738463 0.825881
19.45 1 0.717491 0.802837
19.5 1 0.697224 0.780301
19.55 1 0.677715 0.75833
19.6 1 0.659011 0.736977
19.65 1 0.64116 0.716296
19.7 1 0.624205 0.696336
19.75 1 0.60819 0.677147
19.8 1 0.593154 0.658777
19.85 1 0.579135 0.64127
19.9 1 0.566168 0.624671
19.95 1 0.554285 0.609019
20 1 0.543516 0.594354
20.05 1 0.533888 0.580712
20.1 1 0.525426 0.568126
20.15 1 0.518149 0.556627
20.2 1 0.512077 0.546245
20.25 1 0.507224 0.537004
20.3 1 0.503603 0.528927
20.35 1 0.501223 0.522035
20.4 1 0.50009 0.516345
20.45 1 0.500206 0.51187
20.5 1 0.501571 0.508621
20.55 1 0.504182 0.506608
20.6 1 0.508032 0.505834
20.65 1 0.513112 0.506301
20.7 1 0.519409 0.508009
20.75 1 0.526908 0.510953
20.8 1 0.535588 0.515126
20.85 1 0.54543 0.520517
20.9 1 0.556407 0.527114
20.95 1 0.568494 0.5349
21 1 0.581659 0.543855
21.05 1 0.595869 0.553958
21.1 1 0.61109 0.565184
21.15 1 0.627283 0.577504
21.2 1 0.644407 0.590888
21.25 1 0.66242 0.605304
21.3 1 0.681277 0.620716
21.35 1 0.700931 0.637085
21.4 1 0.721332 0.654371
21.45 1 0.74243 0.672532
21.5 1 0.764171 0.691523
21.55 1 0.786502 0.711297
21.6 1 0.809366 0.731805
21.65 1 0.832707 0.752997
21.7 1 0.856467 0.774821
21.75 1 0.880584 0.797222
21.8 1 0.905001 0.820146
21.85 1 0.929655 0.843536
21.9 1 0.954484 0.867335
21.95 1 0.979428 0.891485
22 1 1.00442 0.915926
22.05 1 1.02941 0.940597
22.1 1 1.05432 0.96544
22.15 1 1.07909 0.990392
22.2 1 1.10367 1.01539
22.25 1 1.12799 1.04038
22.3 1 1.15198 1.06529
22.35 1 1.1756 1.09007
22.4 1 1.19878 1.11466
22.45 1 1.22146 1.13899
22.5 1 1.24359 1.163
22.55 1 1.26511 1.18664
22.6 1 1.28597 1.20985
22.65 1 1.30611 1.23257
22.7 1 1.32549 1.25475
22.75 1 1.34405 1.27632
22.8 1 1.36176 1.29725
22.85 1 1.37856 1.31748
22.9 1 1.39441 1.33696
22.95 1 1.40928 1.35564
23 1 1.42312 1.37348
23.05 1 1.43591 1.39043
23.1 1 1.44761 1.40646
23.15 1 1.45818 1.42152
23.2 1 1.46762 1.43557
23.25 1 1.47588 1.44859
23.3 1 1.48296 1.46054
23.35 1 1.48883 1.47139
23.4 1 1.49347 1.48112
23.45 1 1.49689 1.48969
23.5 1 1.49906 1.4971
23.55 1 1.49998 1.50333
23.6 1 1.49965 1.50835
23.65 1 1.49808 1.51216
23.7 1 1.49526 1.51475
23.75 1 1.4912 1.5161
23.8 1 1.48592 1.51623
23.85 1 1.47942 1.51512
23.9 1 1.47172 1.51278
23.95 1 1.46284 1.50922
24 1 1.45281 1.50444
24.05 1 1.44164 1.49845
24.1 1 1.42937 1.49128
24.15 1 1.41603 1.48293
24.2 1 1.40164 1.47344
24.25 1 1.38626 1.46281
24.3 1 1.3699 1.45108
24.35 1 1.35263 1.43827
24.4 1 1.33447 1.42442
24.45 1 1.31547 1.40957
24.5 1 1.29569 1.39373
24.55 1 1.27517 1.37696
24.6 1 1.25396 1.3593
24.65 1 1.23212 1.34079
24.7 1 1.20969 1.32146
24.75 1 1.18674 1.30138
24.8 1 1.16333 1.28059
24.85 1 1.1395 1.25914
24.9 1 1.11533 1.23707
24.95 1 1.09087 1.21446
25 1 1.06618 1.19134
25.05 1 1.04133 1.16779
25.1 1 1.01637 1.14384
25.15 1 0.991374 1.11957
25.2 1 0.966398 1.09504
25.25 1 0.941507 1.07029
25.3 1 0.916761 1.0454
25.35 1 0.892223 1.02042
25.4 1 0.867955 0.995418
25.45 1 0.844017 0.970451
25.5 1 0.820468 0.945581
25.55 1 0.797369 0.92087
25.6 1 0.774775 0.896378
25.65 1 0.752745 0.872165
25.7 1 0.731333 0.84829
25.75 1 0.710592 0.824813
25.8 1 0.690575 0.801791
25.85 1 0.671331 0.77928
25.9 1 0.652908 0.757335
25.95 1 0.635353 0.736012
26 1 0.61871 0.715362
26.05 1 0.603019 0.695437
26.1 1 0.588321 0.676284
26.15 1 0.574652 0.657953
26.2 1 0.562046 0.640487
26.25 1 0.550534 0.623929
26.3 1 0.540146 0.608322
26.35 1 0.530908 0.593703
26.4 1 0.522842 0.580108
26.45 1 0.515968 0.567571
26.5 1 0.510304 0.556123
26.55 1 0.505865 0.545792
26.6 1 0.50266 0.536604
26.65 1 0.500699 0.528581
26.7 1 0.499985 0.521744
26.75 1 0.500521 0.516109
26.8 1 0.502306 0.51169
26.85 1 0.505335 0.508498
26.9 1 0.5096 0.506541
26.95 1 0.515091 0.505824
27 1 0.521793 0.506348
27.05 1 0.529691 0.508113
27.1 1 0.538765 0.511113
27.15 1 0.548992 0.515342
27.2 1 0.560345 0.520789
27.25 1 0.572798 0.527441
27.3 1 0.586318 0.535281
27.35 1 0.600873 0.544289
27.4 1 0.616425 0.554444
27.45 1 0.632936 0.565721
27.5 1 0.650364 0.57809
27.55 1 0.668666 0.591523
27.6 1 0.687796 0.605986
27.65 1 0.707707 0.621442
27.7 1 0.728348 0.637854
27.75 1 0.749669 0.655182
27.8 1 0.771615 0.673382
27.85 1 0.794132 0.69241
27.9 1 0.817163 0.712219
27.95 1 0.840651 0.73276
28 1 0.864538 0.753982
28.05 1 0.888763 0.775833
28.1 1 0.913266 0.79826
28.15 1 0.937987 0.821206
28.2 1 0.962862 0.844617
28.25 1 0.98783 0.868434
28.3 1 1.01283 0.892598
28.35 1 1.03779 0.917051
28.4 1 1.06267 0.941732
28.45 1 1.08738 0.966581
28.5 1 1.11188 0.991537
28.55 1 1.1361 1.01654
28.6 1 1.15997 1.04152
28.65 1 1.18345 1.06643
28.7 1 1.20647 1.09121
28.75 1 1.22897 1.11578
28.8 1 1.2509 1.14009
28.85 1 1.2722 1.16409
28.9 1 1.29283 1.18771
28.95 1 1.31272 1.2109
29 1 1.33183 1.2336
29.05 1 1.35011 1.25575
29.1 1 1.36751 1.2773
29.15 1 1.384 1.2982
29.2 1 1.39952 1.3184
29.25 1 1.41405 1.33784
29.3 1 1.42754 1.35648
29.35 1 1.43997 1.37428
29.4 1 1.45129 1.39119
29.45 1 1.46149 1.40717
29.5 1 1.47053 1.42219
29.55 1 1.4784 1.43619
29.6 1 1.48507 1.44916
29.65 1 1.49053 1.46106
29.7 1 1.49476 1.47186
29.75 1 1.49776 1.48154
29.8 1 1.49951 1.49006
29.85 1 1.50001 1.49742
29.9 1 1.49927 1.50359
29.95 1 1.49727 1.50856
30 1 1.49404 1.51231
30.05 1 1.48956 1.51484
30.1 1 1.48387 1.51614
30.15 1 1.47696 1.51621
30.2 1 1.46887 1.51504
30.25 1 1.4596 1.51265
30.3 1 1.44918 1.50903
30.35 1 1.43764 1.50419
30.4 1 1.425 1.49815
30.45 1 1.41131 1.49093
30.5 1 1.39658 1.48253
30.55 1 1.38087 1.47298
30.6 1 1.3642 1.4623
30.65 1 1.34662 1.45052
30.7 1 1.32818 1.43767
30.75 1 1.30891 1.42377
30.8 1 1.28887 1.40886
30.85 1 1.26811 1.39299
30.9 1 1.24668 1.37618
30.95 1 1.22464 1.35847
31 1 1.20203 1.33992
31.05 1 1.17892 1.32056
31.1 1 1.15536 1.30045
31.15 1 1.13141 1.27962
31.2 1 1.10714 1.25814
31.25 1 1.08259 1.23605
31.3 1 1.05784 1.21341
31.35 1 1.03295 1.19027
31.4 1 1.00797 1.1667
31.45 1 0.982971 1.14274
31.5 1 0.958016 1.11846
31.55 1 0.933166 1.09391
31.6 1 0.908483 1.06915
31.65 1 0.884029 1.04426
31.7 1 0.859864 1.01928
31.75 1 0.83605 0.994272
31.8 1 0.812646 0.969308
31.85 1 0.78971 0.944445
31.9 1 0.7673 0.919742
31.95 1 0.745471 0.895261
32 1 0.724279 0.871062
32.05 1 0.703775 0.847204
32.1 1 0.684012 0.823746
32.15 1 0.665039 0.800746
32.2 1 0.646903 0.778259
32.25 1 0.62965 0.756342
32.3 1 0.613322 0.735049
32.35 1 0.597961 0.714431
32.4 1 0.583604 0.694539
32.45 1 0.570289 0.675423
32.5 1 0.558047 0.65713
32.55 1 0.54691 0.639705
32.6 1 0.536906 0.62319
32.65 1 0.528059 0.607627
32.7 1 0.520392 0.593054
32.75 1 0.513923 0.579506
32.8 1 0.50867 0.567019
32.85 1 0.504644 0.555621
32.9 1 0.501857 0.545342
32.95 1 0.500315 0.536207
33 1 0.500021 0.528238
33.05 1 0.500978 0.521455
33.1 1 0.503181 0.515875
33.15 1 0.506627 0.511512
33.2 1 0.511305 0.508377
33.25 1 0.517205 0.506477
33.3 1 0.524312 0.505816
33.35 1 0.532608 0.506397
33.4 1 0.542072 0.508219
33.45 1 0.552681 0.511276
33.5 1 0.564407 0.515561
33.55 1 0.577223 0.521064
33.6 1 0.591095 0.52777
33.65 1 0.605989 0.535664
33.7 1 0.621868 0.544726
33.75 1 0.638693 0.554933
33.8 1 0.65642 0.56626
33.85 1 0.675006 0.578679
33.9 1 0.694404 0.59216
33.95 1 0.714566 0.606669
34 1 0.735442 0.62217
34.05 1 0.756979 0.638625
34.1 1 0.779123 0.655994
34.15 1 0.80182 0.674233
34.2 1 0.825011 0.693298
34.25 1 0.84864 0.713142
34.3 1 0.872648 0.733715
34.35 1 0.896974 0.754967
34.4 1 0.921557 0.776846
34.45 1 0.946336 0.799298
34.5 1 0.97125 0.822268
34.55 1 0.996235 0.845698
34.6 1 1.02123 0.869532
34.65 1 1.04617 0.893712
34.7 1 1.071 0.918176
34.75 1 1.09565 0.942867
34.8 1 1.12006 0.967722
34.85 1 1.14417 0.992682
34.9 1 1.16792 1.01768
34.95 1 1.19125 1.04267
35 1 1.2141 1.06757
35.05 1 1.23641 1.09234
35.1 1 1.25814 1.1169
35.15 1 1.27922 1.1412
35.2 1 1.2996 1.16518
35.25 1 1.31924 1.18879
35.3 1 1.33807 1.21195
35.35 1 1.35606 1.23463
35.4 1 1.37316 1.25675
35.45 1 1.38933 1.27828
35.5 1 1.40453 1.29914
35.55 1 1.41871 1.31931
35.6 1 1.43185 1.33871
35.65 1 1.44391 1.35732
35.7 1 1.45485 1.37508
35.75 1 1.46466 1.39195
35.8 1 1.47331 1.40789
35.85 1 1.48078 1.42285
35.9 1 1.48705 1.43681
35.95 1 1.4921 1.44974
36 1 1.49591 1.46159
36.05 1 1.49849 1.47233
36.1 1 1.49982 1.48196
36.15 1 1.49991 1.49043
36.2 1 1.49874 1.49773
36.25 1 1.49633 1.50385
36.3 1 1.49267 1.50876
36.35 1 1.48779 1.51246
36.4 1 1.48169 1.51493
36.45 1 1.47438 1.51617
36.5 1 1.46588 1.51619
36.55 1 1.45623 1.51496
36.6 1 1.44543 1.51251
36.65 1 1.43351 1.50884
36.7 1 1.42052 1.50395
36.75 1 1.40647 1.49785
36.8 1 1.39141 1.49057
36.85 1 1.37537 1.48212
36.9 1 1.35839 1.47252
36.95 1 1.34052 1.46179
37 1 1.32179 1.44996
37.05 1 1.30226 1.43705
37.1 1 1.28197 1.42311
37.15 1 1.26098 1.40816
37.2 1 1.23934 1.39224
37.25 1 1.2171 1.37539
37.3 1 1.19432 1.35764
37.35 1 1.17105 1.33905
37.4 1 1.14735 1.31966
37.45 1 1.12328 1.29951
37.5 1 1.09891 1.27865
37.55 1 1.07429 1.25714
37.6 1 1.04948 1.23503
37.65 1 1.02455 1.21236
37.7 1 0.999562 1.18921
37.75 1 0.974571 1.16561
37.8 1 0.949644 1.14163
37.85 1 0.924844 1.11734
37.9 1 0.900231 1.09278
37.95 1 0.875867 1.06802
38 1 0.851813 1.04311
38.05 1 0.82813 1.01813
38.1 1 0.804877 0.993127
38.15 1 0.782111 0.968166
38.2 1 0.75989 0.943308
38.25 1 0.738269 0.918614
38.3 1 0.717302 0.894145
38.35 1 0.697042 0.86996
38.4 1 0.677539 0.846119
38.45 1 0.658842 0.82268
38.5 1 0.640998 0.799702
38.55 1 0.624051 0.77724
38.6 1 0.608044 0.75535
38.65 1 0.593016 0.734086
38.7 1 0.579006 0.7135
38.75 1 0.566047 0.693643
38.8 1 0.554174 0.674564
38.85 1 0.543415 0.656309
38.9 1 0.533797 0.638924
38.95 1 0.525344 0.622452
39 1 0.518078 0.606934
39.05 1 0.512016 0.592407
39.1 1 0.507174 0.578907
39.15 1 0.503564 0.566469
39.2 1 0.501195 0.555122
39.25 1 0.500072 0.544894
39.3 1 0.500199 0.535812
39.35 1 0.501575 0.527897
39.4 1 0.504197 0.521169
39.45 1 0.508059 0.515645
39.5 1 0.51315 0.511338
39.55 1 0.519457 0.508258
39.6 1 0.526966 0.506415
39.65 1 0.535657 0.505811
39.7 1 0.545509 0.50645
39.75 1 0.556497 0.508328
39.8 1 0.568593 0.511441
39.85 1 0.581768 0.515783
39.9 1 0.595988 0.521341
39.95 1 0.611217 0.528102
40 1 0.627419 0.53605
40.05 1 0.644552 0.545165
40.1 1 0.662573 0.555424
40.15 1 0.681438 0.566802
40.2 1 0.701098 0.57927
40.25 1 0.721506 0.592799
40.3 1 0.74261 0.607354
40.35 1 0.764358 0.6229
40.4 1 0.786694 0.639398
40.45 1 0.809564 0.656808
40.5 1 0.832909 0.675086
40.55 1 0.856672 0.694188
40.6 1 0.880794 0.714066
40.65 1 0.905213 0.734672
40.7 1 0.92987 0.755955
40.75 1 0.954701 0.777861
40.8 1 0.979646 0.800338
40.85 1 1.00464 0.82333
40.9 1 1.02963 0.846781
40.95 1 1.05454 0.870632
41 1 1.07931 0.894826
41.05 1 1.10389 0.919303
41.1 1 1.1282 0.944002
41.15 1 1.1522 0.968864
41.2 1 1.17581 0.993827
41.25 1 1.19899 1.01883
41.3 1 1.22167 1.04381
41.35 1 1.24379 1.06871
41.4 1 1.2653 1.09347
41.45 1 1.28616 1.11802
41.5 1 1.30629 1.14231
41.55 1 1.32566 1.16628
41.6 1 1.34422 1.18986
41.65 1 1.36192 1.21301
41.7 1 1.37871 1.23566
41.75 1 1.39455 1.25775
41.8 1 1.40941 1.27925
41.85 1 1.42325 1.30009
41.9 1 1.43603 1.32021
41.95 1 1.44772 1.33959
42 1 1.45828 1.35816
42.05 1 1.46771 1.37588
42.1 1 1.47596 1.3927
42.15 1 1.48303 1.4086
42.2 1 1.48889 1.42352
42.25 1 1.49352 1.43743
42.3 1 1.49692 1.45031
42.35 1 1.49908 1.46211
42.4 1 1.5 1.4728
42.45 1 1.49966 1.48237
42.5 1 1.49807 1.49079
42.55 1 1.49524 1.49804
42.6 1 1.49117 1.5041
42.65 1 1.48588 1.50896
42.7 1 1.47937 1.5126
42.75 1 1.47166 1.51502
42.8 1 1.46277 1.51621
42.85 1 1.45272 1.51616
42.9 1 1.44155 1.51488
42.95 1 1.42927 1.51237
43 1 1.41592 1.50864
43.05 1 1.40152 1.5037
43.1 1 1.38613 1.49755
43.15 1 1.36977 1.49021
43.2 1 1.35248 1.48171
43.25 1 1.33431 1.47205
43.3 1 1.31531 1.46127
43.35 1 1.29552 1.44939
43.4 1 1.27499 1.43644
43.45 1 1.25378 1.42245
43.5 1 1.23193 1.40746
43.55 1 1.2095 1.39149
43.6 1 1.18654 1.3746
43.65 1 1.16312 1.35681
43.7 1 1.1393 1.33818
43.75 1 1.11512 1.31875
43.8 1 1.09066 1.29857
43.85 1 1.06597 1.27768
43.9 1 1.04111 1.25614
43.95 1 1.01615 1.234
44 1 0.991155 1.21131
44.05 1 0.966179 1.18813
44.1 1 0.941287 1.16452
44.15 1 0.916543 1.14053
44.2 1 0.892006 1.11622
44.25 1 0.86774 1.09165
44.3 1 0.843804 1.06688
44.35 1 0.820259 1.04197
44.4 1 0.797163 1.01698
44.45 1 0.774574 0.991982
44.5 1 0.752548 0.967024
44.55 1 0.731141 0.942172
44.6 1 0.710406 0.917487
44.65 1 0.690394 0.893029
44.7 1 0.671157 0.868858
44.75 1 0.652741 0.845034
44.8 1 0.635194 0.821615
44.85 1 0.618558 0.798659
44.9 1 0.602875 0.776222
44.95 1 0.588186 0.75436
45 1 0.574525 0.733125
45.05 1 0.561928 0.712572
45.1 1 0.550426 0.692749
45.15 1 0.540048 0.673706
45.2 1 0.530819 0.65549
45.25 1 0.522763 0.638146
45.3 1 0.5159 0.621717
45.35 1 0.510247 0.606243
45.4 1 0.505818 0.591762
45.45 1 0.502624 0.57831
45.5 1 0.500673 0.565921
45.55 1 0.499971 0.554624
45.6 1 0.500518 0.544449
45.65 1 0.502314 0.53542
45.7 1 0.505353 0.527559
45.75 1 0.509629 0.520885
45.8 1 0.515131 0.515416
45.85 1 0.521845 0.511165
45.9 1 0.529753 0.508143
45.95 1 0.538837 0.506356
46 1 0.549074 0.505809
46.05 1 0.560438 0.506504
46.1 1 0.5729 0.508439
46.15 1 0.58643 0.511609
46.2 1 0.600994 0.516007
46.25 1 0.616555 0.52162
46.3 1 0.633075 0.528437
46.35 1 0.650511 0.536438
46.4 1 0.668821 0.545606
46.45 1 0.687959 0.555917
46.5 1 0.707877 0.567346
46.55 1 0.728525 0.579864
46.6 1 0.749852 0.59344
46.65 1 0.771804 0.608042
46.7 1 0.794326 0.623632
46.75 1 0.817362 0.640173
46.8 1 0.840855 0.657624
46.85 1 0.864745 0.675941
46.9 1 0.888974 0.69508
46.95 1 0.91348 0.714993
47 1 0.938202 0.735631
47.05 1 0.963079 0.756943
47.1 1 0.988048 0.778877
47.15 1 1.01305 0.801379
47.2 1 1.03801 0.824394
47.25 1 1.06289 0.847864
47.3 1 1.0876 0.871733
47.35 1 1.11209 0.895941
47.4 1 1.13631 0.920429
47.45 1 1.16018 0.945138
47.5 1 1.18366 0.970006
47.55 1 1.20667 0.994972
47.6 1 1.22917 1.01998
47.65 1 1.2511 1.04496
47.7 1 1.27239 1.06985
47.75 1 1.29301 1.0946
47.8 1 1.3129 1.11914
47.85 1 1.332 1.14342
47.9 1 1.35027 1.16737
47.95 1 1.36767 1.19093
48 1 1.38415 1.21406
48.05 1 1.39967 1.23668
48.1 1 1.41419 1.25876
48.15 1 1.42767 1.28022
48.2 1 1.44008 1.30103
48.25 1 1.4514 1.32112
48.3 1 1.46159 1.34046
48.35 1 1.47062 1.35899
48.4 1 1.47848 1.37667
48.45 1 1.48514 1.39345
48.5 1 1.49059 1.40931
48.55 1 1.49481 1.42418
48.6 1 1.49779 1.43805
48.65 1 1.49953 1.45087
48.7 1 1.50003 1.46262
48.75 1 1.49927 1.47327
48.8 1 1.49726 1.48279
48.85 1 1.49402 1.49116
48.9 1 1.48953 1.49835
48.95 1 1.48383 1.50436
49 1 1.47691 1.50916
49.05 1 1.4688 1.51274
49.1 1 1.45952 1.5151
49.15 1 1.4491 1.51624
49.2 1 1.43754 1.51613
49.25 1 1.4249 1.5148
49.3 1 1.41119 1.51223
49.35 1 1.39646 1.50845
49.4 1 1.38073 1.50345
49.45 1 1.36406 1.49724
49.5 1 1.34647 1.48985
49.55 1 1.32802 1.48129
49.6 1 1.30875 1.47159
49.65 1 1.2887 1.46076
49.7 1 1.26794 1.44883
49.75 1 1.2465 1.43583
49.8 1 1.22445 1.42179
49.85 1 1.20184 1.40675
49.9 1 1.17872 1.39074
49.95 1 1.15516 1.3738
50 1 1.1312 1.35598
50.05 1 1.10692 1.33731
50.1 1 1.08238 1.31785
50.15 1 1.05762 1.29763
50.2 1 1.03273 1.27671
50.25 1 1.00775 1.25514
50.3 1 0.982751 1.23298
50.35 1 0.957796 1.21026
50.4 1 0.932947 1.18706
50.45 1 0.908265 1.16343
50.5 1 0.883812 1.13942
50.55 1 0.85965 1.1151
50.6 1 0.835839 1.09052
50.65 1 0.812438 1.06574
50.7 1 0.789506 1.04083
50.75 1 0.7671 1.01584
50.8 1 0.745276 0.990836
50.85 1 0.724089 0.965882
50.9 1 0.703591 0.941036
50.95 1 0.683834 0.91636
51 1 0.664868 0.891913
51.05 1 0.646739 0.867757
51.1 1 0.629493 0.84395
51.15 1 0.613173 0.820551
51.2 1 0.59782 0.797617
51.25 1 0.583472 0.775205
51.3 1 0.570166 0.75337
51.35 1 0.557933 0.732166
51.4 1 0.546806 0.711644
51.45 1 0.536811 0.691856
51.5 1 0.527974 0.67285
51.55 1 0.520317 0.654673
51.6 1 0.513859 0.63737
51.65 1 0.508616 0.620983
51.7 1 0.504601 0.605554
51.75 1 0.501825 0.591119
51.8 1 0.500294 0.577715
51.85 1 0.500011 0.565375
51.9 1 0.500978 0.55413
51.95 1 0.503193 0.544006
52 1 0.506649 0.53503
52.05 1 0.511339 0.527223
52.1 1 0.51725 0.520604
52.15 1 0.524367 0.515191
52.2 1 0.532674 0.510996
52.25 1 0.542148 0.50803
52.3 1 0.552767 0.506299
52.35 1 0.564504 0.50581
52.4 1 0.577329 0.506562
52.45 1 0.59121 0.508553
52.5 1 0.606114 0.51178
52.55 1 0.622002 0.516233
52.6 1 0.638834 0.521902
52.65 1 0.65657 0.528773
52.7 1 0.675164 0.536829
52.75 1 0.69457 0.54605
52.8 1 0.714739 0.556413
52.85 1 0.735621 0.567892
52.9 1 0.757164 0.580459
52.95 1 0.779314 0.594084
53 1 0.802015 0.608731
53.05 1 0.825212 0.624366
53.1 1 0.848845 0.64095
53.15 1 0.872856 0.658442
53.2 1 0.897185 0.676798
53.25 1 0.921771 0.695973
53.3 1 0.946553 0.71592
53.35 1 0.971468 0.73659
53.4 1 0.996454 0.757932
53.45 1 1.02145 0.779894
53.5 1 1.04639 0.802421
53.55 1 1.07122 0.825458
53.6 1 1.09586 0.848948
53.65 1 1.12027 0.872834
53.7 1 1.14438 0.897056
53.75 1 1.16813 0.921556
53.8 1 1.19145 0.946274
53.85 1 1.2143 0.971148
53.9 1 1.23661 0.996117
53.95 1 1.25833 1.02112
54 1 1.27941 1.0461
54.05 1 1.29979 1.07099
54.1 1 1.31941 1.09573
54.15 1 1.33824 1.12026
54.2 1 1.35623 1.14452
54.25 1 1.37332 1.16846
54.3 1 1.38948 1.192
54.35 1 1.40467 1.21511
54.4 1 1.41884 1.23771
54.45 1 1.43197 1.25975
54.5 1 1.44402 1.28119
54.55 1 1.45496 1.30197
54.6 1 1.46476 1.32203
54.65 1 1.4734 1.34133
54.7 1 1.48086 1.35982
54.75 1 1.48711 1.37746
54.8 1 1.49215 1.39421
54.85 1 1.49595 1.41001
54.9 1 1.49852 1.42484
54.95 1 1.49984 1.43866
55 1 1.49992 1.45144
55.05 1 1.49874 1.46314
55.1 1 1.49632 1.47374
55.15 1 1.49265 1.4832
55.2 1 1.48775 1.49152
55.25 1 1.48164 1.49866
55.3 1 1.47432 1.50461
55.35 1 1.46582 1.50935
55.4 1 1.45615 1.51288
55.45 1 1.44534 1.51519
55.5 1 1.43342 1.51626
55.55 1 1.42041 1.5161
55.6 1 1.40636 1.51471
55.65 1 1.39128 1.51209
55.7 1 1.37523 1.50825
55.75 1 1.35825 1.50319
55.8 1 1.34036 1.49693
55.85 1 1.32163 1.48949
55.9 1 1.30209 1.48088
55.95 1 1.2818 1.47112
56 1 1.2608 1.46024
56.05 1 1.23915 1.44826
56.1 1 1.21691 1.43521
56.15 1 1.19412 1.42113
56.2 1 1.17084 1.40604
56.25 1 1.14714 1.38999
56.3 1 1.12307 1.37301
56.35 1 1.0987 1.35515
56.4 1 1.07407 1.33644
56.45 1 1.04927 1.31694
56.5 1 1.02433 1.29669
56.55 1 0.999342 1.27574
56.6 1 0.974352 1.25414
56.65 1 0.949425 1.23195
56.7 1 0.924625 1.20921
56.75 1 0.900013 1.18599
56.8 1 0.875651 1.16234
56.85 1 0.8516 1.13831
56.9 1 0.82792 1.11398
56.95 1 0.80467 1.08939
57 1 0.781908 1.0646
57.05 1 0.759691 1.03968
57.1 1 0.738075 1.01469
57.15 1 0.717114 0.989691
57.2 1 0.69686 0.96474
57.25 1 0.677363 0.939901
57.3 1 0.658673 0.915233
57.35 1 0.640836 0.890799
57.4 1 0.623896 0.866657
57.45 1 0.607897 0.842867
57.5 1 0.592878 0.819488
57.55 1 0.578876 0.796577
57.6 1 0.565927 0.77419
57.65 1 0.554063 0.752382
57.7 1 0.543313 0.731208
57.75 1 0.533705 0.710719
57.8 1 0.525262 0.690965
57.85 1 0.518007 0.671996
57.9 1 0.511955 0.653858
57.95 1 0.507124 0.636595
58 1 0.503525 0.620251
58.05 1 0.501166 0.604867
58.1 1 0.500054 0.590478
58.15 1 0.500192 0.577122
58.2 1 0.501579 0.564832
58.25 1 0.504212 0.553637
58.3 1 0.508085 0.543565
58.35 1 0.513186 0.534642
58.4 1 0.519505 0.526889
58.45 1 0.527024 0.520325
58.5 1 0.535726 0.514967
58.55 1 0.545588 0.510828
58.6 1 0.556586 0.507918
58.65 1 0.568692 0.506245
58.7 1 0.581877 0.505812
58.75 1 0.596106 0.506621
58.8 1 0.611345 0.508669
58.85 1 0.627555 0.511952
58.9 1 0.644696 0.516462
58.95 1 0.662726 0.522186
59 1 0.681598 0.529112
59.05 1 0.701266 0.537222
59.1 1 0.721681 0.546495
59.15 1 0.742791 0.55691
59.2 1 0.764545 0.56844
59.25 1 0.786887 0.581057
59.3 1 0.809761 0.594729
59.35 1 0.833111 0.609423
59.4 1 0.856879 0.625102
59.45 1 0.881004 0.641729
59.5 1 0.905426 0.659261
59.55 1 0.930085 0.677656
59.6 1 0.954918 0.696868
59.65 1 0.979864 0.716849
59.7 1 1.00486 0.737552
59.75 1 1.02985 0.758923
59.8 1 1.05476 0.780912
59.85 1 1.07953 0.803464
59.9 1 1.1041 0.826523
59.95 1 1.12842 0.850033
60 1 1.15241 0.873935
60.05 1 1.17602 0.898172
60.1 1 1.19919 0.922684
60.15 1 1.22187 0.94741
60.2 1 1.24399 0.97229
60.25 1 1.2655 0.997263
60.3 1 1.28634 1.02227
60.35 1 1.30647 1.04724
60.4 1 1.32584 1.07213
60.45 1 1.34439 1.09686
60.5 1 1.36208 1.12138
60.55 1 1.37886 1.14563
60.6 1 1.3947 1.16955
60.65 1 1.40955 1.19307
60.7 1 1.42338 1.21616
60.75 1 1.43615 1.23873
60.8 1 1.44783 1.26075
60.85 1 1.45838 1.28216
60.9 1 1.4678 1.3029
60.95 1 1.47604 1.32293
61 1 1.4831 1.3422
61.05 1 1.48894 1.36065
61.1 1 1.49357 1.37825
61.15 1 1.49696 1.39495
61.2 1 1.49911 1.41072
61.25 1 1.50001 1.4255
61.3 1 1.49966 1.43928
61.35 1 1.49807 1.452
61.4 1 1.49523 1.46365
61.45 1 1.49115 1.4742
61.5 1 1.48584 1.48361
61.55 1 1.47932 1.49187
61.6 1 1.4716 1.49896
61.65 1 1.4627 1.50486
61.7 1 1.45264 1.50955
61.75 1 1.44146 1.51302
61.8 1 1.42917 1.51527
61.85 1 1.41581 1.51629
61.9 1 1.4014 1.51607
61.95 1 1.386 1.51462
62 1 1.36963 1.51195
62.05 1 1.35233 1.50805
62.1 1 1.33416 1.50294
62.15 1 1.31515 1.49662
62.2 1 1.29535 1.48913
62.25 1 1.27482 1.48046
62.3 1 1.2536 1.47065
62.35 1 1.23174 1.45972
62.4 1 1.2093 1.44769
62.45 1 1.18635 1.43459
62.5 1 1.16292 1.42046
62.55 1 1.13909 1.40533
62.6 1 1.11491 1.38923
62.65 1 1.09044 1.37221
62.7 1 1.06575 1.35431
62.75 1 1.04089 1.33557
62.8 1 1.01593 1.31603
