-5 -0.000372169 0 -0.00146702 0.0264853
-4.98999 -0.000379328 0 -0.00149138 0.0264776
-4.97998 -0.000386603 0 -0.00151605 0.0264697
-4.96997 -0.000393994 0 -0.00154101 0.0264616
-4.95996 -0.000401503 0 -0.00156627 0.0264535
-4.94995 -0.00040913 0 -0.00159183 0.0264451
-4.93994 -0.000416878 0 -0.00161769 0.0264366
-4.92993 -0.000424746 0 -0.00164384 0.0264279
-4.91992 -0.000432737 0 -0.0016703 0.0264191
-4.90991 -0.000440851 0 -0.00169706 0.0264101
-4.8999 -0.000449089 0 -0.00172411 0.0264009
-4.88989 -0.000457452 0 -0.00175145 0.0263916
-4.87988 -0.000465941 0 -0.0017791 0.0263821
-4.86987 -0.000474557 0 -0.00180703 0.0263724
-4.85986 -0.0004833 0 -0.00183525 0.0263625
-4.84985 -0.000492173 0 -0.00186377 0.0263525
-4.83984 -0.000501174 0 -0.00189256 0.0263422
-4.82983 -0.000510306 0 -0.00192164 0.0263318
-4.81982 -0.000519568 0 -0.001951 0.0263211
-4.80981 -0.000528962 0 -0.00198064 0.0263103
-4.7998 -0.000538487 0 -0.00201054 0.0262993
-4.78979 -0.000548145 0 -0.00204072 0.0262881
-4.77978 -0.000557935 0 -0.00207116 0.0262766
-4.76977 -0.000567859 0 -0.00210185 0.026265
-4.75976 -0.000577916 0 -0.0021328 0.0262532
-4.74975 -0.000588106 0 -0.00216399 0.0262411
-4.73974 -0.000598429 0 -0.00219543 0.0262288
-4.72973 -0.000608886 0 -0.0022271 0.0262163
-4.71972 -0.000619477 0 -0.00225899 0.0262036
-4.70971 -0.0006302 0 -0.00229111 0.0261906
-4.6997 -0.000641056 0 -0.00232343 0.0261775
-4.68969 -0.000652044 0 -0.00235595 0.0261641
-4.67968 -0.000663165 0 -0.00238867 0.0261504
-4.66967 -0.000674415 0 -0.00242157 0.0261365
-4.65966 -0.000685797 0 -0.00245464 0.0261224
-4.64965 -0.000697307 0 -0.00248787 0.026108
-4.63964 -0.000708945 0 -0.00252125 0.0260934
-4.62963 -0.000720709 0 -0.00255476 0.0260785
-4.61962 -0.000732599 0 -0.0025884 0.0260634
-4.60961 -0.000744612 0 -0.00262214 0.026048
-4.5996 -0.000756747 0 -0.00265598 0.0260323
-4.58959 -0.000769002 0 -0.00268989 0.0260164
-4.57958 -0.000781373 0 -0.00272387 0.0260002
-4.56957 -0.00079386 0 -0.0027579 0.0259838
-4.55956 -0.000806459 0 -0.00279195 0.025967
-4.54955 -0.000819167 0 -0.00282601 0.02595
-4.53954 -0.000831981 0 -0.00286005 0.0259327
-4.52953 -0.000844898 0 -0.00289407 0.0259151
-4.51952 -0.000857914 0 -0.00292803 0.0258973
-4.50951 -0.000871026 0 -0.00296192 0.0258791
-4.4995 -0.000884228 0 -0.00299571 0.0258606
-4.48949 -0.000897517 0 -0.00302937 0.0258418
-4.47948 -0.000910887 0 -0.00306289 0.0258228
-4.46947 -0.000924334 0 -0.00309623 0.0258034
-4.45946 -0.000937851 0 -0.00312936 0.0257837
-4.44945 -0.000951434 0 -0.00316227 0.0257637
-4.43944 -0.000965076 0 -0.00319491 0.0257434
-4.42943 -0.000978771 0 -0.00322726 0.0257227
-4.41942 -0.000992511 0 -0.00325929 0.0257018
-4.40941 -0.00100629 0 -0.00329095 0.0256805
-4.3994 -0.0010201 0 -0.00332223 0.0256589
-4.38939 -0.00103393 0 -0.00335308 0.0256369
-4.37938 -0.00104777 0 -0.00338346 0.0256146
-4.36937 -0.00106162 0 -0.00341334 0.025592
-4.35936 -0.00107547 0 -0.00344268 0.025569
-4.34935 -0.00108929 0 -0.00347143 0.0255457
-4.33934 -0.0011031 0 -0.00349956 0.0255221
-4.32933 -0.00111686 0 -0.00352702 0.025498
-4.31932 -0.00113058 0 -0.00355377 0.0254737
-4.30931 -0.00114424 0 -0.00357976 0.0254489
-4.2993 -0.00115783 0 -0.00360494 0.0254239
-4.28929 -0.00117132 0 -0.00362927 0.0253984
-4.27928 -0.00118472 0 -0.00365269 0.0253726
-4.26927 -0.00119801 0 -0.00367516 0.0253464
-4.25926 -0.00121116 0 -0.00369662 0.0253199
-4.24925 -0.00122417 0 -0.00371702 0.025293
-4.23924 -0.00123701 0 -0.0037363 0.0252657
-4.22923 -0.00124968 0 -0.00375441 0.0252381
-4.21922 -0.00126215 0 -0.00377129 0.02521
-4.20921 -0.0012744 0 -0.00378687 0.0251816
-4.1992 -0.00128642 0 -0.00380111 0.0251528
-4.18919 -0.00129819 0 -0.00381394 0.0251236
-4.17918 -0.00130967 0 -0.0038253 0.0250941
-4.16917 -0.00132086 0 -0.00383512 0.0250642
-4.15916 -0.00133174 0 -0.00384334 0.0250338
-4.14915 -0.00134226 0 -0.00384989 0.0250031
-4.13914 -0.00135243 0 -0.00385472 0.024972
-4.12913 -0.0013622 0 -0.00385774 0.0249406
-4.11912 -0.00137155 0 -0.0038589 0.0249087
-4.10911 -0.00138046 0 -0.00385812 0.0248764
-4.0991 -0.0013889 0 -0.00385533 0.0248438
-4.08909 -0.00139684 0 -0.00385048 0.0248108
-4.07908 -0.00140425 0 -0.00384347 0.0247774
-4.06907 -0.00141111 0 -0.00383425 0.0247436
-4.05906 -0.00141738 0 -0.00382274 0.0247094
-4.04905 -0.00142302 0 -0.00380887 0.0246748
-4.03904 -0.00142801 0 -0.00379257 0.0246399
-4.02903 -0.00143232 0 -0.00377376 0.0246046
-4.01902 -0.00143591 0 -0.00375239 0.0245689
-4.00901 -0.00143874 0 -0.00372836 0.0245328
-3.999 -0.00144077 0 -0.00370162 0.0244963
-3.98899 -0.00144198 0 -0.0036721 0.0244595
-3.97898 -0.00144232 0 -0.00363971 0.0244223
-3.96897 -0.00144175 0 -0.00360441 0.0243848
-3.95896 -0.00144024 0 -0.00356611 0.0243468
-3.94895 -0.00143774 0 -0.00352475 0.0243086
-3.93894 -0.0014342 0 -0.00348027 0.0242699
-3.92893 -0.0014296 0 -0.0034326 0.024231
-3.91892 -0.00142389 0 -0.00338168 0.0241916
-3.90891 -0.00141701 0 -0.00332746 0.024152
-3.8989 -0.00140893 0 -0.00326987 0.024112
-3.88889 -0.0013996 0 -0.00320886 0.0240717
-3.87888 -0.00138897 0 -0.00314437 0.024031
-3.86887 -0.001377 0 -0.00307637 0.0239901
-3.85886 -0.00136364 0 -0.00300479 0.0239488
-3.84885 -0.00134884 0 -0.00292961 0.0239073
-3.83884 -0.00133255 0 -0.00285078 0.0238654
-3.82883 -0.00131472 0 -0.00276826 0.0238232
-3.81882 -0.0012953 0 -0.00268202 0.0237808
-3.80881 -0.00127424 0 -0.00259204 0.0237381
-3.7988 -0.00125149 0 -0.0024983 0.0236952
-3.78879 -0.001227 0 -0.00240077 0.023652
-3.77878 -0.0012007 0 -0.00229946 0.0236085
-3.76877 -0.00117257 0 -0.00219434 0.0235649
-3.75876 -0.00114253 0 -0.00208543 0.023521
-3.74875 -0.00111053 0 -0.00197273 0.0234769
-3.73874 -0.00107653 0 -0.00185624 0.0234326
-3.72873 -0.00104048 0 -0.00173601 0.0233881
-3.71872 -0.0010023 0 -0.00161204 0.0233434
-3.70871 -0.000961968 0 -0.00148437 0.0232986
-3.6987 -0.000919414 0 -0.00135305 0.0232537
-3.68869 -0.00087459 0 -0.00121813 0.0232086
-3.67868 -0.000827444 0 -0.00107967 0.0231633
-3.66867 -0.000777925 0 -0.00093773 0.023118
-3.65866 -0.000725982 0 -0.000792397 0.0230726
-3.64865 -0.000671565 0 -0.000643754 0.0230271
-3.63864 -0.000614624 0 -0.000491898 0.0229815
-3.62863 -0.000555111 0 -0.000336936 0.0229359
-3.61862 -0.000492979 0 -0.000178986 0.0228902
-3.60861 -0.000428181 0 -1.81765e-05 0.0228445
-3.5986 -0.000360673 0 0.000145354 0.0227989
-3.58859 -0.00029041 0 0.000311455 0.0227532
-3.57858 -0.000217351 0 0.000479965 0.0227076
-3.56857 -0.000141456 0 0.000650708 0.022662
-3.55856 -6.26843e-05 0 0.000823499 0.0226165
-3.54855 1.89993e-05 0 0.000998139 0.0225711
-3.53854 0.00010363 0 0.00117442 0.0225257
-3.52853 0.00019124 0 0.00135211 0.0224805
-3.51852 0.00028186 0 0.00153098 0.0224354
-3.50851 0.000375517 0 0.00171077 0.0223905
-3.4985 0.000472236 0 0.00189122 0.0223457
-3.48849 0.00057204 0 0.00207206 0.0223012
-3.47848 0.000674948 0 0.002253 0.0222568
-3.46847 0.000780975 0 0.00243372 0.0222127
-3.45846 0.000890134 0 0.00261391 0.0221688
-3.44845 0.00100244 0 0.00279324 0.0221252
-3.43844 0.00111788 0 0.00297135 0.0220818
-3.42843 0.00123648 0 0.0031479 0.0220388
-3.41842 0.00135823 0 0.00332249 0.0219961
-3.40841 0.00148312 0 0.00349476 0.0219537
-3.3984 0.00161113 0 0.00366428 0.0219116
-3.38839 0.00174227 0 0.00383065 0.0218699
-3.37838 0.0018765 0 0.00399343 0.0218286
-3.36837 0.0020138 0 0.00415219 0.0217877
-3.35836 0.00215414 0 0.00430646 0.0217472
-3.34835 0.00229749 0 0.00445578 0.0217072
-3.33834 0.00244382 0 0.00459966 0.0216676
-3.32833 0.00259306 0 0.00473761 0.0216284
-3.31832 0.00274518 0 0.00486912 0.0215898
-3.30831 0.00290012 0 0.00499367 0.0215516
-3.2983 0.00305781 0 0.00511074 0.0215139
-3.28829 0.00321818 0 0.00521979 0.0214767
-3.27828 0.00338117 0 0.00532026 0.0214401
-3.26827 0.00354669 0 0.00541161 0.021404
-3.25826 0.00371466 0 0.00549325 0.0213684
-3.24825 0.00388497 0 0.00556462 0.0213334
-3.23824 0.00405754 0 0.00562512 0.0212989
-3.22823 0.00423226 0 0.00567419 0.021265
-3.21822 0.004409 0 0.00571121 0.0212317
-3.20821 0.00458765 0 0.00573559 0.0211989
-3.1982 0.00476809 0 0.00574672 0.0211668
-3.18819 0.00495018 0 0.00574401 0.0211351
-3.17818 0.00513377 0 0.00572683 0.0211041
-3.16817 0.00531872 0 0.00569459 0.0210737
-3.15816 0.00550487 0 0.00564667 0.0210438
-3.14815 0.00569206 0 0.00558247 0.0210144
-3.13814 0.00588012 0 0.00550138 0.0209857
-3.12813 0.00606887 0 0.00540281 0.0209575
-3.11812 0.00625813 0 0.00528615 0.0209298
-3.10811 0.0064477 0 0.00515083 0.0209026
-3.0981 0.00663739 0 0.00499625 0.020876
-3.08809 0.00682698 0 0.00482186 0.0208499
-3.07808 0.00701628 0 0.0046271 0.0208243
-3.06807 0.00720505 0 0.00441141 0.0207991
-3.05806 0.00739307 0 0.00417426 0.0207743
-3.04805 0.00758011 0 0.00391515 0.02075
-3.03804 0.00776592 0 0.00363357 0.0207261
-3.02803 0.00795026 0 0.00332904 0.0207025
-3.01802 0.00813289 0 0.0030011 0.0206793
-3.00801 0.00831353 0 0.00264931 0.0206564
-2.998 0.00849193 0 0.00227328 0.0206337
-2.98799 0.00866782 0 0.0018726 0.0206113
-2.97798 0.00884092 0 0.00144692 0.020589
-2.96797 0.00901095 0 0.000995911 0.0205669
-2.95796 0.00917763 0 0.000519279 0.0205449
-2.94795 0.00934067 0 1.67569e-05 0.020523
-2.93794 0.00949978 0 -0.000511884 0.020501
-2.92793 0.00965466 0 -0.00106684 0.020479
-2.91792 0.00980501 0 -0.00164825 0.0204569
-2.90791 0.00995053 0 -0.00225625 0.0204346
-2.8979 0.0100909 0 -0.0028909 0.0204121
-2.88789 0.0102259 0 -0.00355222 0.0203893
-2.87788 0.010355 0 -0.0042402 0.0203662
-2.86787 0.0104782 0 -0.00495478 0.0203426
-2.85786 0.0105949 0 -0.00569584 0.0203185
-2.84785 0.010705 0 -0.00646322 0.0202939
-2.83784 0.0108081 0 -0.0072567 0.0202686
-2.82783 0.0109039 0 -0.00807601 0.0202426
-2.81782 0.010992 0 -0.00892082 0.0202158
-2.80781 0.0110723 0 -0.00979076 0.020188
-2.7978 0.0111443 0 -0.0106854 0.0201593
-2.78779 0.0112078 0 -0.0116042 0.0201296
-2.77778 0.0112626 0 -0.0125466 0.0200986
-2.76777 0.0113082 0 -0.0135121 0.0200664
-2.75776 0.0113444 0 -0.0144998 0.0200329
-2.74775 0.011371 0 -0.0155092 0.0199979
-2.73774 0.0113876 0 -0.0165393 0.0199613
-2.72773 0.011394 0 -0.0175893 0.0199231
-2.71772 0.01139 0 -0.0186583 0.0198832
-2.70771 0.0113753 0 -0.0197452 0.0198413
-2.6977 0.0113496 0 -0.020849 0.0197975
-2.68769 0.0113127 0 -0.0219685 0.0197516
-2.67768 0.0112645 0 -0.0231026 0.0197035
-2.66767 0.0112046 0 -0.02425 0.019653
-2.65766 0.011133 0 -0.0254092 0.0196002
-2.64765 0.0110494 0 -0.026579 0.0195448
-2.63764 0.0109536 0 -0.0277578 0.0194867
-2.62763 0.0108456 0 -0.0289442 0.0194259
-2.61762 0.0107251 0 -0.0301364 0.0193621
-2.60761 0.0105921 0 -0.0313329 0.0192953
-2.5976 0.0104465 0 -0.032532 0.0192254
-2.58759 0.0102881 0 -0.0337318 0.0191523
-2.57758 0.0101169 0 -0.0349304 0.0190757
-2.56757 0.0099329 0 -0.0361261 0.0189957
-2.55756 0.009736 0 -0.0373168 0.018912
-2.54755 0.00952623 0 -0.0385006 0.0188246
-2.53754 0.00930358 0 -0.0396752 0.0187333
-2.52753 0.0090681 0 -0.0408388 0.0186381
-2.51752 0.00881984 0 -0.041989 0.0185388
-2.50751 0.00855888 0 -0.0431236 0.0184352
-2.4975 0.00828532 0 -0.0442405 0.0183274
-2.48749 0.0079993 0 -0.0453374 0.0182151
-2.47748 0.00770095 0 -0.0464118 0.0180982
-2.46747 0.00739046 0 -0.0474615 0.0179768
-2.45746 0.00706803 0 -0.0484841 0.0178505
-2.44745 0.00673388 0 -0.0494772 0.0177194
-2.43744 0.00638826 0 -0.0504383 0.0175834
-2.42743 0.00603145 0 -0.051365 0.0174423
-2.41742 0.00566376 0 -0.0522548 0.017296
-2.40741 0.00528552 0 -0.0531053 0.0171445
-2.3974 0.00489708 0 -0.0539141 0.0169877
-2.38739 0.00449883 0 -0.0546786 0.0168255
-2.37738 0.00409118 0 -0.0553963 0.0166578
-2.36737 0.00367456 0 -0.056065 0.0164846
-2.35736 0.00324945 0 -0.056682 0.0163057
-2.34735 0.00281634 0 -0.057245 0.0161212
-2.33734 0.00237575 0 -0.0577517 0.0159309
-2.32733 0.00192822 0 -0.0581997 0.0157348
-2.31732 0.00147432 0 -0.0585866 0.0155329
-2.30731 0.00101465 0 -0.0589103 0.0153252
-2.2973 0.000549837 0 -0.0591684 0.0151115
-2.28729 8.053e-05 0 -0.0593589 0.0148919
-2.27728 -0.000392598 0 -0.0594797 0.0146664
-2.26727 -0.000868851 0 -0.0595287 0.0144349
-2.25726 -0.00134751 0 -0.0595039 0.0141974
-2.24725 -0.00182782 0 -0.0594036 0.013954
-2.23724 -0.00230902 0 -0.0592259 0.0137046
-2.22723 -0.00279033 0 -0.0589691 0.0134493
-2.21722 -0.00327094 0 -0.0586316 0.0131881
-2.20721 -0.00375001 0 -0.058212 0.012921
-2.1972 -0.00422671 0 -0.0577089 0.0126481
-2.18719 -0.00470017 0 -0.057121 0.0123694
-2.17718 -0.00516951 0 -0.0564473 0.0120849
-2.16717 -0.00563384 0 -0.0556865 0.0117948
-2.15716 -0.00609224 0 -0.0548381 0.0114992
-2.14715 -0.00654381 0 -0.0539011 0.011198
-2.13714 -0.0069876 0 -0.052875 0.0108915
-2.12713 -0.00742267 0 -0.0517593 0.0105796
-2.11712 -0.00784809 0 -0.0505539 0.0102626
-2.10711 -0.00826288 0 -0.0492586 0.00994047
-2.0971 -0.00866609 0 -0.0478734 0.00961343
-2.08709 -0.00905676 0 -0.0463986 0.00928159
-2.07708 -0.00943393 0 -0.0448346 0.0089451
-2.06707 -0.00979662 0 -0.043182 0.00860413
-2.05706 -0.0101439 0 -0.0414415 0.00825883
-2.04705 -0.0104747 0 -0.0396141 0.00790937
-2.03704 -0.0107883 0 -0.037701 0.00755595
-2.02703 -0.0110835 0 -0.0357035 0.00719875
-2.01702 -0.0113595 0 -0.0336232 0.00683797
-2.00701 -0.0116154 0 -0.0314618 0.00647383
-1.997 -0.0118502 0 -0.0292213 0.00610653
-1.98699 -0.0120631 0 -0.0269038 0.00573631
-1.97698 -0.0122531 0 -0.0245118 0.00536339
-1.96697 -0.0124195 0 -0.0220478 0.00498801
-1.95696 -0.0125614 0 -0.0195147 0.00461043
-1.94695 -0.012678 0 -0.0169153 0.00423089
-1.93694 -0.0127685 0 -0.014253 0.00384966
-1.92693 -0.0128322 0 -0.0115312 0.003467
-1.91692 -0.0128683 0 -0.00875358 0.00308318
-1.90691 -0.0128763 0 -0.00592393 0.00269849
-1.8969 -0.0128553 0 -0.00304635 0.0023132
-1.88689 -0.0128049 0 -0.000125116 0.00192761
-1.87688 -0.0127244 0 0.00283528 0.00154201
-1.86687 -0.0126133 0 0.00583015 0.00115669
-1.85686 -0.0124712 0 0.0088546 0.000771961
-1.84685 -0.0122976 0 0.0119036 0.000388115
-1.83684 -0.0120922 0 0.0149717 5.46242e-06
-1.82683 -0.0118545 0 0.0180536 -0.00037569
-1.81682 -0.0115843 0 0.0211437 -0.000755034
-1.80681 -0.0112815 0 0.0242359 -0.00113226
-1.7968 -0.0109457 0 0.0273244 -0.00150706
-1.78679 -0.010577 0 0.0304031 -0.00187911
-1.77678 -0.0101752 0 0.0334654 -0.00224813
-1.76677 -0.00974038 0 0.036505 -0.00261379
-1.75676 -0.00927262 0 0.0395153 -0.00297579
-1.74675 -0.00877206 0 0.0424894 -0.00333383
-1.73674 -0.0082389 0 0.0454205 -0.00368762
-1.72673 -0.00767341 0 0.0483015 -0.00403685
-1.71672 -0.00707595 0 0.0511254 -0.00438125
-1.70671 -0.00644694 0 0.0538848 -0.00472052
-1.6967 -0.00578685 0 0.0565725 -0.0050544
-1.68669 -0.00509627 0 0.059181 -0.0053826
-1.67668 -0.00437582 0 0.061703 -0.00570488
-1.66667 -0.00362621 0 0.0641308 -0.00602098
-1.65666 -0.00284824 0 0.0664569 -0.00633065
-1.64665 -0.00204277 0 0.0686737 -0.00663366
-1.63664 -0.00121073 0 0.0707736 -0.00692979
-1.62663 -0.000353136 0 0.0727489 -0.00721883
-1.61662 0.00052891 0 0.0745919 -0.00750059
-1.60661 0.00143424 0 0.0762952 -0.00777487
-1.5966 0.00236162 0 0.077851 -0.00804151
-1.58659 0.00330971 0 0.0792518 -0.00830034
-1.57658 0.00427712 0 0.0804903 -0.00855124
-1.56657 0.00526239 0 0.0815589 -0.00879407
-1.55656 0.00626395 0 0.0824504 -0.00902874
-1.54655 0.00728018 0 0.0831575 -0.00925514
-1.53654 0.0083094 0 0.0836732 -0.00947321
-1.52653 0.00934984 0 0.0839904 -0.0096829
-1.51652 0.0103997 0 0.0841025 -0.00988418
-1.50651 0.011457 0 0.0840028 -0.010077
-1.4965 0.0125198 0 0.0836848 -0.0102615
-1.48649 0.013586 0 0.0831423 -0.0104375
-1.47648 0.0146537 0 0.0823691 -0.0106052
-1.46647 0.0157206 0 0.0813596 -0.0107647
-1.45646 0.0167844 0 0.0801082 -0.010916
-1.44645 0.0178431 0 0.0786094 -0.0110593
-1.43644 0.0188941 0 0.0768584 -0.0111948
-1.42643 0.0199351 0 0.0748504 -0.0113225
-1.41642 0.0209638 0 0.072581 -0.0114427
-1.40641 0.0219776 0 0.070046 -0.0115557
-1.3964 0.0229741 0 0.0672417 -0.0116616
-1.38639 0.0239507 0 0.0641648 -0.0117608
-1.37638 0.0249048 0 0.0608122 -0.0118536
-1.36637 0.025834 0 0.0571812 -0.0119403
-1.35636 0.0267354 0 0.0532697 -0.0120212
-1.34635 0.0276066 0 0.0490758 -0.0120968
-1.33634 0.0284448 0 0.0445981 -0.0121675
-1.32633 0.0292474 0 0.0398357 -0.0122338
-1.31632 0.0300117 0 0.0347882 -0.012296
-1.30631 0.0307351 0 0.0294554 -0.0123548
-1.2963 0.0314149 0 0.023838 -0.0124106
-1.28629 0.0320485 0 0.0179369 -0.0124641
-1.27628 0.0326332 0 0.0117536 -0.0125157
-1.26627 0.0331665 0 0.0052901 -0.0125662
-1.25626 0.0336457 0 -0.00145101 -0.0126161
-1.24625 0.0340684 0 -0.00846661 -0.0126662
-1.23624 0.0344319 0 -0.0157531 -0.0127171
-1.22623 0.034734 0 -0.0233061 -0.0127696
-1.21622 0.0349722 0 -0.0311209 -0.0128245
-1.20621 0.0351441 0 -0.0391921 -0.0128824
-1.1962 0.0352475 0 -0.0475137 -0.0129443
-1.18619 0.0352802 0 -0.056079 -0.013011
-1.17618 0.0352401 0 -0.0648809 -0.0130833
-1.16617 0.0351253 0 -0.0739115 -0.0131621
-1.15616 0.0349337 0 -0.0831624 -0.0132483
-1.14615 0.0346635 0 -0.0926245 -0.0133428
-1.13614 0.0343131 0 -0.102288 -0.0134466
-1.12613 0.0338809 0 -0.112143 -0.0135607
-1.11612 0.0333654 0 -0.122178 -0.013686
-1.10611 0.0327654 0 -0.132381 -0.0138235
-1.0961 0.0320795 0 -0.142741 -0.0139744
-1.08609 0.0313068 0 -0.153244 -0.0141395
-1.07608 0.0304465 0 -0.163878 -0.0143199
-1.06607 0.0294978 0 -0.174627 -0.0145168
-1.05606 0.0284601 0 -0.185477 -0.0147312
-1.04605 0.0273332 0 -0.196412 -0.0149642
-1.03604 0.0261169 0 -0.207417 -0.0152169
-1.02603 0.0248112 0 -0.218475 -0.0154903
-1.01602 0.0234164 0 -0.229569 -0.0157856
-1.00601 0.0219328 0 -0.240681 -0.016104
-0.995996 0.0203612 0 -0.251792 -0.0164464
-0.985986 0.0187024 0 -0.262883 -0.0168141
-0.975976 0.0169576 0 -0.273936 -0.0172081
-0.965966 0.0151282 0 -0.28493 -0.0176296
-0.955956 0.0132157 0 -0.295844 -0.0180796
-0.945946 0.011222 0 -0.306658 -0.0185593
-0.935936 0.00914927 0 -0.317349 -0.0190697
-0.925926 0.00699984 0 -0.327897 -0.0196119
-0.915916 0.00477639 0 -0.338278 -0.0201869
-0.905906 0.00248184 0 -0.348469 -0.0207958
-0.895896 0.000119421 0 -0.358448 -0.0214397
-0.885886 -0.00230738 0 -0.36819 -0.0221195
-0.875876 -0.00479476 0 -0.377673 -0.0228361
-0.865866 -0.00733864 0 -0.386872 -0.0235906
-0.855856 -0.00993465 0 -0.395761 -0.0243839
-0.845846 -0.0125781 0 -0.404318 -0.0252168
-0.835836 -0.015264 0 -0.412516 -0.0260902
-0.825826 -0.017987 0 -0.420331 -0.027005
-0.815816 -0.0207416 0 -0.427739 -0.0279618
-0.805806 -0.0235218 0 -0.434713 -0.0289615
-0.795796 -0.0263215 0 -0.441228 -0.0300048
-0.785786 -0.0291341 0 -0.44726 -0.0310923
-0.775776 -0.0319527 0 -0.452784 -0.0322246
-0.765766 -0.0347702 0 -0.457774 -0.0334023
-0.755756 -0.0375792 0 -0.462206 -0.0346258
-0.745746 -0.040372 0 -0.466055 -0.0358956
-0.735736 -0.0431404 0 -0.469298 -0.0372121
-0.725726 -0.0458762 0 -0.47191 -0.0385757
-0.715716 -0.0485707 0 -0.473868 -0.0399865
-0.705706 -0.051215 0 -0.47515 -0.0414448
-0.695696 -0.0538 0 -0.475732 -0.0429507
-0.685686 -0.0563161 0 -0.475593 -0.0445043
-0.675676 -0.0587537 0 -0.474713 -0.0461055
-0.665666 -0.0611028 0 -0.473069 -0.0477543
-0.655656 -0.0633532 0 -0.470643 -0.0494504
-0.645646 -0.0654945 0 -0.467417 -0.0511938
-0.635636 -0.0675161 0 -0.463371 -0.0529839
-0.625626 -0.0694072 0 -0.45849 -0.0548205
-0.615616 -0.0711566 0 -0.452757 -0.056703
-0.605606 -0.0727532 0 -0.446158 -0.0586309
-0.595596 -0.0741857 0 -0.438679 -0.0606034
-0.585586 -0.0754425 0 -0.430308 -0.0626199
-0.575576 -0.0765122 0 -0.421034 -0.0646795
-0.565566 -0.0773829 0 -0.410847 -0.0667814
-0.555556 -0.0780428 0 -0.399741 -0.0689243
-0.545546 -0.0784802 0 -0.387706 -0.0711073
-0.535536 -0.0786831 0 -0.37474 -0.0733292
-0.525526 -0.0786397 0 -0.360839 -0.0755886
-0.515516 -0.0783381 0 -0.346 -0.0778841
-0.505506 -0.0777664 0 -0.330224 -0.0802143
-0.495495 -0.0769128 0 -0.313514 -0.0825776
-0.485485 -0.0757656 0 -0.295872 -0.0849723
-0.475475 -0.0743134 0 -0.277305 -0.0873966
-0.465465 -0.0725445 0 -0.25782 -0.0898487
-0.455455 -0.0704477 0 -0.237427 -0.0923266
-0.445445 -0.068012 0 -0.216137 -0.0948283
-0.435435 -0.0652266 0 -0.193966 -0.0973517
-0.425425 -0.0620808 0 -0.170927 -0.0998945
-0.415415 -0.0585643 0 -0.14704 -0.102454
-0.405405 -0.0546672 0 -0.122325 -0.105029
-0.395395 -0.0503799 0 -0.0968048 -0.107616
-0.385385 -0.0456931 0 -0.070503 -0.110212
-0.375375 -0.0405981 0 -0.0434468 -0.112816
-0.365365 -0.0350863 0 -0.0156654 -0.115424
-0.355355 -0.0291501 0 0.0128101 -0.118034
-0.345345 -0.0227819 0 0.0419464 -0.120642
-0.335335 -0.015975 0 0.0717077 -0.123246
-0.325325 -0.00872308 0 0.102056 -0.125843
-0.315315 -0.00102048 0 0.132953 -0.128429
-0.305305 0.00713781 0 0.164355 -0.131003
-0.295295 0.0157562 0 0.196219 -0.13356
-0.285285 0.0248382 0 0.228499 -0.136097
-0.275275 0.034387 0 0.261147 -0.138611
-0.265265 0.0444046 0 0.294113 -0.141099
-0.255255 0.0548925 0 0.327346 -0.143558
-0.245245 0.0658513 0 0.360794 -0.145984
-0.235235 0.0772809 0 0.3944 -0.148373
-0.225225 0.0891802 0 0.428109 -0.150723
-0.215215 0.101547 0 0.461862 -0.153031
-0.205205 0.114379 0 0.495602 -0.155292
-0.195195 0.127673 0 0.529267 -0.157503
-0.185185 0.141423 0 0.562797 -0.159661
-0.175175 0.155625 0 0.596129 -0.161763
-0.165165 0.170271 0 0.629199 -0.163805
-0.155155 0.185354 0 0.661944 -0.165784
-0.145145 0.200867 0 0.6943 -0.167697
-0.135135 0.216799 0 0.726202 -0.16954
-0.125125 0.233141 0 0.757584 -0.171311
-0.115115 0.249881 0 0.788382 -0.173006
-0.105105 0.267006 0 0.81853 -0.174621
-0.0950951 0.284504 0 0.847964 -0.176155
-0.0850851 0.302361 0 0.876619 -0.177603
-0.0750751 0.320561 0 0.904431 -0.178964
-0.0650651 0.339088 0 0.931337 -0.180234
-0.0550551 0.357926 0 0.957274 -0.181411
-0.045045 0.377057 0 0.982183 -0.182492
-0.035035 0.396461 0 1.006 -0.183475
-0.025025 0.416119 0 1.02867 -0.184356
-0.015015 0.436012 0 1.05014 -0.185135
-0.00500501 0.456116 0 1.07034 -0.185808
0.00500501 0.476412 1 1.08924 -0.186375
0.015015 0.496875 1 1.10677 -0.186832
0.025025 0.517483 1 1.12288 -0.187178
0.035035 0.538211 1 1.13754 -0.187412
0.045045 0.559035 1 1.15069 -0.187531
0.0550551 0.579929 1 1.1623 -0.187536
0.0650651 0.600867 1 1.17232 -0.187424
0.0750751 0.621824 1 1.18073 -0.187194
0.0850851 0.642771 1 1.18749 -0.186847
0.0950951 0.663683 1 1.19257 -0.18638
0.105105 0.68453 1 1.19595 -0.185794
0.115115 0.705287 1 1.1976 -0.185088
0.125125 0.725924 1 1.1975 -0.184262
0.135135 0.746414 1 1.19565 -0.183316
0.145145 0.766727 1 1.19203 -0.18225
0.155155 0.786836 1 1.18663 -0.181065
0.165165 0.806712 1 1.17945 -0.179761
0.175175 0.826328 1 1.17049 -0.178338
0.185185 0.845654 1 1.15976 -0.176799
0.195195 0.864662 1 1.14726 -0.175143
0.205205 0.883326 1 1.133 -0.173372
0.215215 0.901617 1 1.11701 -0.171488
0.225225 0.919508 1 1.09931 -0.169492
0.235235 0.936974 1 1.07991 -0.167386
0.245245 0.953987 1 1.05885 -0.165172
0.255255 0.970522 1 1.03616 -0.162851
0.265265 0.986554 1 1.01187 -0.160427
0.275275 1.00206 1 0.986025 -0.157901
0.285285 1.01701 1 0.95867 -0.155277
0.295295 1.0314 1 0.929851 -0.152556
0.305305 1.04518 1 0.899617 -0.149742
0.315315 1.05835 1 0.868021 -0.146839
0.325325 1.07089 1 0.835122 -0.143848
0.335335 1.08277 1 0.800978 -0.140773
0.345345 1.09397 1 0.765653 -0.137619
0.355355 1.10449 1 0.729212 -0.134387
0.365365 1.1143 1 0.691722 -0.131083
0.375375 1.12339 1 0.653254 -0.127709
0.385385 1.13174 1 0.613882 -0.12427
0.395395 1.13935 1 0.573678 -0.120769
0.405405 1.1462 1 0.53272 -0.117211
0.415415 1.15229 1 0.491085 -0.1136
0.425425 1.15759 1 0.448853 -0.109939
0.435435 1.16212 1 0.406105 -0.106233
0.445445 1.16586 1 0.362921 -0.102487
0.455455 1.1688 1 0.319383 -0.0987038
0.465465 1.17095 1 0.275575 -0.094889
0.475475 1.1723 1 0.23158 -0.0910467
0.485485 1.17286 1 0.187479 -0.0871811
0.495495 1.17262 1 0.143357 -0.0832967
0.505506 1.17158 1 0.0992951 -0.0793979
0.515516 1.16975 1 0.0553758 -0.0754892
0.525526 1.16714 1 0.0116801 -0.071575
0.535536 1.16374 1 -0.0317122 -0.0676596
0.545546 1.15958 1 -0.0747221 -0.0637473
0.555556 1.15465 1 -0.117272 -0.0598426
0.565566 1.14897 1 -0.159287 -0.0559495
0.575576 1.14254 1 -0.200693 -0.0520725
0.585586 1.13539 1 -0.241417 -0.0482155
0.595596 1.12752 1 -0.281391 -0.0443828
0.605606 1.11895 1 -0.320546 -0.0405782
0.615616 1.1097 1 -0.358818 -0.0368057
0.625626 1.09977 1 -0.396145 -0.0330692
0.635636 1.0892 1 -0.432467 -0.0293723
0.645646 1.078 1 -0.467729 -0.0257188
0.655656 1.06618 1 -0.501875 -0.0221122
0.665666 1.05377 1 -0.534857 -0.0185558
0.675676 1.04079 1 -0.566627 -0.015053
0.685686 1.02726 1 -0.597142 -0.0116069
0.695696 1.01321 1 -0.626361 -0.00822074
0.705706 0.99865 1 -0.654248 -0.00489728
0.715716 0.983613 1 -0.680769 -0.00163937
0.725726 0.968121 1 -0.705895 0.00155035
0.735736 0.952198 1 -0.7296 0.00466934
0.745746 0.935871 1 -0.751861 0.00771524
0.755756 0.919163 1 -0.772659 0.0106858
0.765766 0.9021 1 -0.79198 0.013579
0.775776 0.884709 1 -0.809812 0.0163928
0.785786 0.867016 1 -0.826147 0.0191255
0.795796 0.849045 1 -0.840979 0.0217754
0.805806 0.830824 1 -0.854309 0.0243411
0.815816 0.812378 1 -0.866139 0.0268212
0.825826 0.793734 1 -0.876475 0.0292145
0.835836 0.774917 1 -0.885325 0.03152
0.845846 0.755952 1 -0.892701 0.0337368
0.855856 0.736866 1 -0.89862 0.0358641
0.865866 0.717683 1 -0.9031 0.0379015
0.875876 0.698427 1 -0.906161 0.0398483
0.885886 0.679124 1 -0.907828 0.0417044
0.895896 0.659797 1 -0.908127 0.0434695
0.905906 0.64047 1 -0.907087 0.0451436
0.915916 0.621165 1 -0.904741 0.0467269
0.925926 0.601905 1 -0.901121 0.0482195
0.935936 0.582712 1 -0.896264 0.0496218
0.945946 0.563607 1 -0.890208 0.0509343
0.955956 0.54461 1 -0.882991 0.0521577
0.965966 0.525741 1 -0.874656 0.0532925
0.975976 0.507021 1 -0.865244 0.0543398
0.985986 0.488466 1 -0.854801 0.0553003
0.995996 0.470095 1 -0.843372 0.0561752
1.00601 0.451924 0 -0.831002 0.0569656
1.01602 0.433971 0 -0.817739 0.0576728
1.02603 0.416249 0 -0.803632 0.058298
1.03604 0.398774 0 -0.788729 0.0588427
1.04605 0.38156 0 -0.773078 0.0593084
1.05606 0.364619 0 -0.756729 0.0596966
1.06607 0.347964 0 -0.739733 0.060009
1.07608 0.331606 0 -0.722137 0.0602473
1.08609 0.315555 0 -0.703993 0.0604132
1.0961 0.299821 0 -0.685348 0.0605086
1.10611 0.284413 0 -0.666253 0.0605353
1.11612 0.269338 0 -0.646755 0.0604953
1.12613 0.254605 0 -0.626902 0.0603905
1.13614 0.240219 0 -0.606741 0.0602228
1.14615 0.226187 0 -0.586319 0.0599944
1.15616 0.212512 0 -0.565681 0.0597072
1.16617 0.199199 0 -0.544872 0.0593634
1.17618 0.186253 0 -0.523935 0.0589649
1.18619 0.173674 0 -0.502911 0.0585139
1.1962 0.161466 0 -0.481843 0.0580126
1.20621 0.149629 0 -0.460769 0.057463
1.21622 0.138164 0 -0.439729 0.0568672
1.22623 0.127071 0 -0.418759 0.0562273
1.23624 0.11635 0 -0.397894 0.0555455
1.24625 0.106 0 -0.377169 0.0548238
1.25626 0.0960175 0 -0.356617 0.0540643
1.26627 0.0864018 0 -0.336267 0.0532691
1.27628 0.0771496 0 -0.316149 0.0524402
1.28629 0.0682576 0 -0.296292 0.0515796
1.2963 0.059722 0 -0.276721 0.0506893
1.30631 0.0515387 0 -0.25746 0.0497712
1.31632 0.043703 0 -0.238533 0.0488274
1.32633 0.03621 0 -0.219962 0.0478597
1.33634 0.0290542 0 -0.201764 0.0468699
1.34635 0.02223 0 -0.18396 0.0458599
1.35636 0.0157313 0 -0.166565 0.0448315
1.36637 0.00955198 0 -0.149593 0.0437864
1.37638 0.00368541 0 -0.13306 0.0427263
1.38639 -0.00187518 0 -0.116976 0.0416529
1.3964 -0.00713676 0 -0.101352 0.0405677
1.40641 -0.0121065 0 -0.0861965 0.0394724
1.41642 -0.0167917 0 -0.071518 0.0383684
1.42643 -0.0211999 0 -0.0573223 0.0372572
1.43644 -0.0253386 0 -0.0436145 0.0361404
1.44645 -0.0292155 0 -0.0303982 0.0350191
1.45646 -0.0328385 0 -0.017676 0.0338948
1.46647 -0.0362152 0 -0.00544902 0.0327687
1.47648 -0.0393536 0 0.00628244 0.031642
1.48649 -0.0422615 0 0.0175193 0.030516
1.4965 -0.0449468 0 0.0282634 0.0293918
1.50651 -0.0474174 0 0.0385178 0.0282703
1.51652 -0.0496811 0 0.0482861 0.0271528
1.52653 -0.0517457 0 0.057573 0.02604
1.53654 -0.053619 0 0.0663841 0.024933
1.54655 -0.0553086 0 0.0747254 0.0238327
1.55656 -0.056822 0 0.082604 0.0227399
1.56657 -0.0581669 0 0.0900274 0.0216553
1.57658 -0.0593505 0 0.0970038 0.0205797
1.58659 -0.0603801 0 0.103542 0.0195139
1.5966 -0.0612629 0 0.109651 0.0184584
1.60661 -0.0620059 0 0.115341 0.0174139
1.61662 -0.0626159 0 0.120621 0.016381
1.62663 -0.0630997 0 0.125503 0.0153601
1.63664 -0.0634639 0 0.129996 0.0143519
1.64665 -0.0637148 0 0.134113 0.0133566
1.65666 -0.0638588 0 0.137864 0.0123748
1.66667 -0.0639018 0 0.14126 0.0114068
1.67668 -0.0638499 0 0.144314 0.0104529
1.68669 -0.0637088 0 0.147036 0.00951352
1.6967 -0.063484 0 0.14944 0.00858885
1.70671 -0.063181 0 0.151536 0.00767915
1.71672 -0.0628049 0 0.153337 0.00678464
1.72673 -0.0623608 0 0.154854 0.00590548
1.73674 -0.0618535 0 0.156099 0.00504184
1.74675 -0.0612878 0 0.157084 0.00419384
1.75676 -0.0606682 0 0.157821 0.00336157
1.76677 -0.0599989 0 0.158321 0.00254512
1.77678 -0.0592842 0 0.158595 0.00174453
1.78679 -0.058528 0 0.158654 0.000959831
1.7968 -0.0577341 0 0.158511 0.000191026
1.80681 -0.0569063 0 0.158174 -0.000561898
1.81682 -0.0560479 0 0.157656 -0.00129897
1.82683 -0.0551622 0 0.156966 -0.00202026
1.83684 -0.0542526 0 0.156115 -0.00272581
1.84685 -0.0533219 0 0.155113 -0.00341572
1.85686 -0.052373 0 0.153968 -0.00409009
1.86687 -0.0514086 0 0.152692 -0.00474904
1.87688 -0.0504312 0 0.151292 -0.00539268
1.88689 -0.0494434 0 0.149777 -0.00602117
1.8969 -0.0484473 0 0.148157 -0.00663465
1.90691 -0.0474452 0 0.146439 -0.00723329
1.91692 -0.046439 0 0.144632 -0.00781725
1.92693 -0.0454306 0 0.142742 -0.00838672
1.93694 -0.0444219 0 0.140778 -0.00894189
1.94695 -0.0434144 0 0.138747 -0.00948296
1.95696 -0.0424097 0 0.136656 -0.0100101
1.96697 -0.0414093 0 0.13451 -0.0105236
1.97698 -0.0404145 0 0.132317 -0.0110236
1.98699 -0.0394266 0 0.130082 -0.0115103
1.997 -0.0384466 0 0.127811 -0.011984
2.00701 -0.0374756 0 0.12551 -0.0124449
2.01702 -0.0365147 0 0.123184 -0.0128932
2.02703 -0.0355646 0 0.120836 -0.0133292
2.03704 -0.0346262 0 0.118474 -0.0137531
2.04705 -0.0337002 0 0.1161 -0.0141651
2.05706 -0.0327872 0 0.113718 -0.0145654
2.06707 -0.0318879 0 0.111333 -0.0149544
2.07708 -0.0310028 0 0.108949 -0.0153322
2.08709 -0.0301323 0 0.106569 -0.0156991
2.0971 -0.0292768 0 0.104196 -0.0160553
2.10711 -0.0284367 0 0.101833 -0.0164011
2.11712 -0.0276122 0 0.0994825 -0.0167367
2.12713 -0.0268037 0 0.097148 -0.0170623
2.13714 -0.0260113 0 0.0948316 -0.0173782
2.14715 -0.0252351 0 0.0925354 -0.0176845
2.15716 -0.0244754 0 0.0902617 -0.0179816
2.16717 -0.0237321 0 0.0880123 -0.0182697
2.17718 -0.0230054 0 0.085789 -0.0185489
2.18719 -0.0222952 0 0.0835933 -0.0188195
2.1972 -0.0216015 0 0.0814268 -0.0190818
2.20721 -0.0209243 0 0.0792907 -0.0193359
2.21722 -0.0202635 0 0.0771861 -0.0195821
2.22723 -0.019619 0 0.0751142 -0.0198205
2.23724 -0.0189907 0 0.0730759 -0.0200514
2.24725 -0.0183785 0 0.071072 -0.020275
2.25726 -0.0177821 0 0.0691031 -0.0204914
2.26727 -0.0172015 0 0.06717 -0.0207009
2.27728 -0.0166364 0 0.065273 -0.0209037
2.28729 -0.0160867 0 0.0634126 -0.0211
2.2973 -0.0155521 0 0.0615891 -0.0212899
2.30731 -0.0150324 0 0.0598027 -0.0214736
2.31732 -0.0145274 0 0.0580537 -0.0216513
2.32733 -0.0140367 0 0.0563421 -0.0218233
2.33734 -0.0135603 0 0.0546679 -0.0219895
2.34735 -0.0130978 0 0.0530311 -0.0221503
2.35736 -0.0126489 0 0.0514316 -0.0223058
2.36737 -0.0122135 0 0.0498693 -0.0224561
2.37738 -0.0117911 0 0.0483439 -0.0226015
2.38739 -0.0113816 0 0.0468552 -0.022742
2.3974 -0.0109847 0 0.045403 -0.0228777
2.40741 -0.0106001 0 0.0439868 -0.023009
2.41742 -0.0102274 0 0.0426064 -0.0231358
2.42743 -0.00986655 0 0.0412614 -0.0232584
2.43744 -0.00951713 0 0.0399513 -0.0233768
2.44745 -0.00917889 0 0.0386756 -0.0234912
2.45746 -0.00885155 0 0.037434 -0.0236018
2.46747 -0.00853484 0 0.0362258 -0.0237086
2.47748 -0.00822849 0 0.0350507 -0.0238118
2.48749 -0.00793224 0 0.033908 -0.0239114
2.4975 -0.0076458 0 0.0327972 -0.0240077
2.50751 -0.00736892 0 0.0317178 -0.0241006
2.51752 -0.00710134 0 0.0306691 -0.0241904
2.52753 -0.0068428 0 0.0296506 -0.0242772
2.53754 -0.00659305 0 0.0286618 -0.0243609
2.54755 -0.00635183 0 0.027702 -0.0244418
2.55756 -0.0061189 0 0.0267706 -0.0245199
2.56757 -0.00589402 0 0.025867 -0.0245953
2.57758 -0.00567695 0 0.0249907 -0.0246681
2.58759 -0.00546747 0 0.024141 -0.0247385
2.5976 -0.00526533 0 0.0233173 -0.0248064
2.60761 -0.00507032 0 0.022519 -0.0248719
2.61762 -0.00488222 0 0.0217455 -0.0249352
2.62763 -0.00470081 0 0.0209962 -0.0249964
2.63764 -0.00452589 0 0.0202706 -0.0250554
2.64765 -0.00435725 0 0.019568 -0.0251124
2.65766 -0.00419469 0 0.0188879 -0.0251674
2.66767 -0.00403801 0 0.0182296 -0.0252206
2.67768 -0.00388703 0 0.0175927 -0.0252719
2.68769 -0.00374155 0 0.0169765 -0.0253214
2.6977 -0.00360141 0 0.0163805 -0.0253693
2.70771 -0.00346641 0 0.0158041 -0.0254155
2.71772 -0.00333639 0 0.0152468 -0.0254601
2.72773 -0.00321118 0 0.0147081 -0.0255032
2.73774 -0.00309062 0 0.0141875 -0.0255448
2.74775 -0.00297456 0 0.0136844 -0.025585
2.75776 -0.00286282 0 0.0131983 -0.0256239
2.76777 -0.00275528 0 0.0127288 -0.0256614
2.77778 -0.00265178 0 0.0122753 -0.0256976
2.78779 -0.00255217 0 0.0118374 -0.0257326
2.7978 -0.00245633 0 0.0114146 -0.0257664
2.80781 -0.00236413 0 0.0110064 -0.0257991
2.81782 -0.00227542 0 0.0106125 -0.0258307
2.82783 -0.00219009 0 0.0102323 -0.0258612
2.83784 -0.00210802 0 0.00986551 -0.0258906
2.84785 -0.00202908 0 0.0095116 -0.0259191
2.85786 -0.00195317 0 0.00917022 -0.0259467
2.86787 -0.00188018 0 0.00884095 -0.0259733
2.87788 -0.00180999 0 0.00852342 -0.025999
2.88789 -0.00174251 0 0.00821724 -0.0260239
2.8979 -0.00167763 0 0.00792204 -0.026048
2.90791 -0.00161526 0 0.00763747 -0.0260712
2.91792 -0.0015553 0 0.00736317 -0.0260937
2.92793 -0.00149767 0 0.00709881 -0.0261155
2.93794 -0.00144228 0 0.00684405 -0.0261365
2.94795 -0.00138903 0 0.00659857 -0.0261569
2.95796 -0.00133786 0 0.00636206 -0.0261766
2.96797 -0.00128869 0 0.00613421 -0.0261956
2.97798 -0.00124143 0 0.00591473 -0.0262141
2.98799 -0.00119601 0 0.00570333 -0.0262319
2.998 -0.00115236 0 0.00549972 -0.0262492
3.00801 -0.00111042 0 0.00530364 -0.026266
3.01802 -0.00107012 0 0.00511482 -0.0262822
3.02803 -0.00103139 0 0.00493302 -0.0262979
3.03804 -0.000994176 0 0.00475797 -0.026313
3.04805 -0.000958415 0 0.00458944 -0.0263278
3.05806 -0.000924051 0 0.0044272 -0.026342
3.06807 -0.00089103 0 0.00427103 -0.0263558
3.07808 -0.000859299 0 0.00412069 -0.0263692
3.08809 -0.000828806 0 0.00397599 -0.0263822
3.0981 -0.000799502 0 0.00383671 -0.0263948
3.10811 -0.000771342 0 0.00370267 -0.026407
3.11812 -0.000744278 0 0.00357366 -0.0264188
3.12813 -0.000718267 0 0.0034495 -0.0264302
3.13814 -0.000693268 0 0.00333002 -0.0264413
3.14815 -0.000669239 0 0.00321503 -0.0264521
3.15816 -0.000646142 0 0.00310437 -0.0264626
3.16817 -0.00062394 0 0.00299788 -0.0264727
3.17818 -0.000602595 0 0.0028954 -0.0264826
3.18819 -0.000582075 0 0.00279679 -0.0264921
3.1982 -0.000562344 0 0.00270188 -0.0265014
3.20821 -0.000543372 0 0.00261056 -0.0265104
3.21822 -0.000525128 0 0.00252266 -0.0265192
3.22823 -0.000507582 0 0.00243808 -0.0265277
3.23824 -0.000490706 0 0.00235667 -0.0265359
3.24825 -0.000474473 0 0.00227833 -0.0265439
3.25826 -0.000458856 0 0.00220292 -0.0265517
3.26827 -0.000443831 0 0.00213033 -0.0265593
3.27828 -0.000429372 0 0.00206047 -0.0265666
3.28829 -0.000415458 0 0.00199321 -0.0265738
3.2983 -0.000402066 0 0.00192847 -0.0265807
3.30831 -0.000389175 0 0.00186613 -0.0265874
3.31832 -0.000376763 0 0.00180612 -0.026594
3.32833 -0.000364813 0 0.00174833 -0.0266004
3.33834 -0.000353304 0 0.00169268 -0.0266066
3.34835 -0.000342219 0 0.00163908 -0.0266126
3.35836 -0.000331541 0 0.00158746 -0.0266185
3.36837 -0.000321253 0 0.00153773 -0.0266242
3.37838 -0.000311339 0 0.00148983 -0.0266298
3.38839 -0.000301784 0 0.00144368 -0.0266352
3.3984 -0.000292573 0 0.0013992 -0.0266405
3.40841 -0.000283692 0 0.00135634 -0.0266456
3.41842 -0.000275129 0 0.00131503 -0.0266506
3.42843 -0.000266869 0 0.00127521 -0.0266554
3.43844 -0.000258901 0 0.00123682 -0.0266602
3.44845 -0.000251213 0 0.0011998 -0.0266648
3.45846 -0.000243794 0 0.00116409 -0.0266692
3.46847 -0.000236633 0 0.00112966 -0.0266736
3.47848 -0.000229719 0 0.00109644 -0.0266779
3.48849 -0.000223044 0 0.00106438 -0.026682
3.4985 -0.000216596 0 0.00103345 -0.0266861
3.50851 -0.000210367 0 0.00100359 -0.02669
3.51852 -0.000204349 0 0.000974764 -0.0266938
3.52853 -0.000198532 0 0.000946933 -0.0266976
3.53854 -0.00019291 0 0.000920054 -0.0267012
3.54855 -0.000187474 0 0.000894092 -0.0267047
3.55856 -0.000182218 0 0.000869008 -0.0267082
3.56857 -0.000177133 0 0.00084477 -0.0267116
3.57858 -0.000172214 0 0.000821343 -0.0267149
3.58859 -0.000167454 0 0.000798696 -0.0267181
3.5986 -0.000162846 0 0.000776799 -0.0267212
3.60861 -0.000158386 0 0.000755621 -0.0267243
3.61862 -0.000154067 0 0.000735134 -0.0267272
3.62863 -0.000149884 0 0.000715313 -0.0267301
3.63864 -0.000145832 0 0.000696131 -0.026733
3.64865 -0.000141906 0 0.000677563 -0.0267357
3.65866 -0.000138101 0 0.000659586 -0.0267384
3.66867 -0.000134413 0 0.000642177 -0.026741
3.67868 -0.000130837 0 0.000625314 -0.0267436
3.68869 -0.000127369 0 0.000608977 -0.0267461
3.6987 -0.000124005 0 0.000593145 -0.0267485
3.70871 -0.000120742 0 0.000577799 -0.0267509
3.71872 -0.000117576 0 0.000562921 -0.0267532
3.72873 -0.000114502 0 0.000548494 -0.0267555
3.73874 -0.000111519 0 0.000534501 -0.0267577
3.74875 -0.000108623 0 0.000520925 -0.0267598
3.75876 -0.00010581 0 0.000507751 -0.0267619
3.76877 -0.000103078 0 0.000494965 -0.026764
3.77878 -0.000100424 0 0.000482552 -0.026766
3.78879 -9.78458e-05 0 0.000470499 -0.0267679
3.7988 -9.53398e-05 0 0.000458793 -0.0267698
3.80881 -9.2904e-05 0 0.00044742 -0.0267717
3.81882 -9.0536e-05 0 0.000436371 -0.0267735
3.82883 -8.82336e-05 0 0.000425632 -0.0267753
3.83884 -8.59946e-05 0 0.000415193 -0.026777
3.84885 -8.38169e-05 0 0.000405044 -0.0267787
3.85886 -8.16984e-05 0 0.000395174 -0.0267803
3.86887 -7.96372e-05 0 0.000385575 -0.0267819
3.87888 -7.76316e-05 0 0.000376235 -0.0267835
3.88889 -7.56796e-05 0 0.000367148 -0.026785
3.8989 -7.37797e-05 0 0.000358304 -0.0267865
3.90891 -7.19301e-05 0 0.000349696 -0.026788
3.91892 -7.01293e-05 0 0.000341315 -0.0267894
3.92893 -6.83758e-05 0 0.000333154 -0.0267908
3.93894 -6.66681e-05 0 0.000325205 -0.0267922
3.94895 -6.50049e-05 0 0.000317463 -0.0267935
3.95896 -6.33847e-05 0 0.00030992 -0.0267948
3.96897 -6.18063e-05 0 0.00030257 -0.026796
3.97898 -6.02685e-05 0 0.000295407 -0.0267973
3.98899 -5.877e-05 0 0.000288425 -0.0267985
3.999 -5.73096e-05 0 0.000281619 -0.0267996
4.00901 -5.58864e-05 0 0.000274983 -0.0268008
4.01902 -5.44992e-05 0 0.000268512 -0.0268019
4.02903 -5.31469e-05 0 0.000262201 -0.026803
4.03904 -5.18286e-05 0 0.000256045 -0.026804
4.04905 -5.05434e-05 0 0.00025004 -0.0268051
4.05906 -4.92902e-05 0 0.000244181 -0.0268061
4.06907 -4.80683e-05 0 0.000238464 -0.0268071
4.07908 -4.68767e-05 0 0.000232885 -0.026808
4.08909 -4.57146e-05 0 0.00022744 -0.026809
4.0991 -4.45812e-05 0 0.000222126 -0.0268099
4.10911 -4.34758e-05 0 0.000216938 -0.0268108
4.11912 -4.23975e-05 0 0.000211873 -0.0268116
4.12913 -4.13458e-05 0 0.000206927 -0.0268125
4.13914 -4.03197e-05 0 0.000202098 -0.0268133
4.14915 -3.93188e-05 0 0.000197383 -0.0268141
4.15916 -3.83423e-05 0 0.000192778 -0.0268149
4.16917 -3.73896e-05 0 0.00018828 -0.0268157
4.17918 -3.646e-05 0 0.000183886 -0.0268165
4.18919 -3.55531e-05 0 0.000179595 -0.0268172
4.1992 -3.46681e-05 0 0.000175402 -0.0268179
4.20921 -3.38046e-05 0 0.000171306 -0.0268186
4.21922 -3.2962e-05 0 0.000167305 -0.0268193
4.22923 -3.21398e-05 0 0.000163395 -0.0268199
4.23924 -3.13374e-05 0 0.000159574 -0.0268206
4.24925 -3.05544e-05 0 0.000155841 -0.0268212
4.25926 -2.97903e-05 0 0.000152193 -0.0268218
4.26927 -2.90447e-05 0 0.000148628 -0.0268224
4.27928 -2.8317e-05 0 0.000145144 -0.026823
4.28929 -2.76069e-05 0 0.000141739 -0.0268236
4.2993 -2.69138e-05 0 0.000138412 -0.0268242
4.30931 -2.62375e-05 0 0.000135159 -0.0268247
4.31932 -2.55774e-05 0 0.00013198 -0.0268252
4.32933 -2.49333e-05 0 0.000128873 -0.0268257
4.33934 -2.43046e-05 0 0.000125836 -0.0268262
4.34935 -2.36911e-05 0 0.000122868 -0.0268267
4.35936 -2.30924e-05 0 0.000119966 -0.0268272
4.36937 -2.25081e-05 0 0.00011713 -0.0268277
4.37938 -2.19378e-05 0 0.000114357 -0.0268281
4.38939 -2.13814e-05 0 0.000111647 -0.0268286
4.3994 -2.08383e-05 0 0.000108998 -0.026829
4.40941 -2.03084e-05 0 0.000106408 -0.0268294
4.41942 -1.97912e-05 0 0.000103877 -0.0268298
4.42943 -1.92866e-05 0 0.000101403 -0.0268302
4.43944 -1.87941e-05 0 9.89843e-05 -0.0268306
4.44945 -1.83136e-05 0 9.66201e-05 -0.026831
4.45946 -1.78447e-05 0 9.43092e-05 -0.0268314
4.46947 -1.73872e-05 0 9.20503e-05 -0.0268317
4.47948 -1.69407e-05 0 8.98423e-05 -0.0268321
4.48949 -1.65051e-05 0 8.76841e-05 -0.0268324
4.4995 -1.60801e-05 0 8.55746e-05 -0.0268328
4.50951 -1.56655e-05 0 8.35127e-05 -0.0268331
4.51952 -1.52609e-05 0 8.14974e-05 -0.0268334
4.52953 -1.48662e-05 0 7.95277e-05 -0.0268337
4.53954 -1.44812e-05 0 7.76026e-05 -0.026834
4.54955 -1.41055e-05 0 7.5721e-05 -0.0268343
4.55956 -1.3739e-05 0 7.38822e-05 -0.0268346
4.56957 -1.33816e-05 0 7.20851e-05 -0.0268349
4.57958 -1.30328e-05 0 7.03288e-05 -0.0268352
4.58959 -1.26927e-05 0 6.86125e-05 -0.0268354
4.5996 -1.23609e-05 0 6.69353e-05 -0.0268357
4.60961 -1.20373e-05 0 6.52963e-05 -0.0268359
4.61962 -1.17216e-05 0 6.36948e-05 -0.0268362
4.62963 -1.14138e-05 0 6.21299e-05 -0.0268364
4.63964 -1.11136e-05 0 6.06008e-05 -0.0268366
4.64965 -1.08208e-05 0 5.91068e-05 -0.0268369
4.65966 -1.05352e-05 0 5.76471e-05 -0.0268371
4.66967 -1.02568e-05 0 5.6221e-05 -0.0268373
4.67968 -9.9853e-06 0 5.48278e-05 -0.0268375
4.68969 -9.72055e-06 0 5.34667e-05 -0.0268377
4.6997 -9.46241e-06 0 5.2137e-05 -0.0268379
4.70971 -9.21071e-06 0 5.08381e-05 -0.0268381
4.71972 -8.96532e-06 0 4.95693e-05 -0.0268383
4.72973 -8.72609e-06 0 4.833e-05 -0.0268385
4.73974 -8.49285e-06 0 4.71196e-05 -0.0268386
4.74975 -8.26549e-06 0 4.59373e-05 -0.0268388
4.75976 -8.04385e-06 0 4.47826e-05 -0.026839
4.76977 -7.82781e-06 0 4.36549e-05 -0.0268391
4.77978 -7.61722e-06 0 4.25537e-05 -0.0268393
4.78979 -7.41197e-06 0 4.14783e-05 -0.0268395
4.7998 -7.21192e-06 0 4.04281e-05 -0.0268396
4.80981 -7.01696e-06 0 3.94027e-05 -0.0268397
4.81982 -6.82695e-06 0 3.84015e-05 -0.0268399
4.82983 -6.64179e-06 0 3.7424e-05 -0.02684
4.83984 -6.46136e-06 0 3.64696e-05 -0.0268402
4.84985 -6.28554e-06 0 3.55378e-05 -0.0268403
4.85986 -6.11422e-06 0 3.46283e-05 -0.0268404
4.86987 -5.94731e-06 0 3.37403e-05 -0.0268405
4.87988 -5.78468e-06 0 3.28736e-05 -0.0268407
4.88989 -5.62624e-06 0 3.20276e-05 -0.0268408
4.8999 -5.47189e-06 0 3.12019e-05 -0.0268409
4.90991 -5.32153e-06 0 3.03959e-05 -0.026841
4.91992 -5.17506e-06 0 2.96094e-05 -0.0268411
4.92993 -5.03239e-06 0 2.88418e-05 -0.0268412
4.93994 -4.89342e-06 0 2.80928e-05 -0.0268413
4.94995 -4.75807e-06 0 2.73619e-05 -0.0268414
4.95996 -4.62625e-06 0 2.66486e-05 -0.0268415
4.96997 -4.49788e-06 0 2.59528e-05 -0.0268416
4.97998 -4.37286e-06 0 2.52738e-05 -0.0268417
4.98999 -4.25112e-06 0 2.46114e-05 -0.0268418
5 -4.13257e-06 0 2.39652e-05 -0.0268419
