-5 -3.44977e-20 1 
-4.98999 -4.05259e-20 1 
-4.97998 -4.75934e-20 1 
-4.96997 -5.58771e-20 1 
-4.95996 -6.55834e-20 1 
-4.94995 -7.69532e-20 1 
-4.93994 -9.02677e-20 1 
-4.92993 -1.05855e-19 1 
-4.91992 -1.24097e-19 1 
-4.90991 -1.45441e-19 1 
-4.8999 -1.70406e-19 1 
-4.88989 -1.99597e-19 1 
-4.87988 -2.3372e-19 1 
-4.86987 -2.73597e-19 1 
-4.85986 -3.20185e-19 1 
-4.84985 -3.74595e-19 1 
-4.83984 -4.38123e-19 1 
-4.82983 -5.12274e-19 1 
-4.81982 -5.98801e-19 1 
-4.80981 -6.99737e-19 1 
-4.7998 -8.17448e-19 1 
-4.78979 -9.54682e-19 1 
-4.77978 -1.11463e-18 1 
-4.76977 -1.30099e-18 1 
-4.75976 -1.51807e-18 1 
-4.74975 -1.77084e-18 1 
-4.73974 -2.06511e-18 1 
-4.72973 -2.40756e-18 1 
-4.71972 -2.80599e-18 1 
-4.70971 -3.26939e-18 1 
-4.6997 -3.80821e-18 1 
-4.68969 -4.43453e-18 1 
-4.67968 -5.16234e-18 1 
-4.66967 -6.00785e-18 1 
-4.65966 -6.98979e-18 1 
-4.64965 -8.12984e-18 1 
-4.63964 -9.45307e-18 1 
-4.62963 -1.09885e-17 1 
-4.61962 -1.27695e-17 1 
-4.60961 -1.48348e-17 1 
-4.5996 -1.72292e-17 1 
-4.58959 -2.00041e-17 1 
-4.57958 -2.32192e-17 1 
-4.56957 -2.69431e-17 1 
-4.55956 -3.12551e-17 1 
-4.54955 -3.62467e-17 1 
-4.53954 -4.2023e-17 1 
-4.52953 -4.87056e-17 1 
-4.51952 -5.64344e-17 1 
-4.50951 -6.53705e-17 1 
-4.4995 -7.56993e-17 1 
-4.48949 -8.76346e-17 1 
-4.47948 -1.01422e-16 1 
-4.46947 -1.17344e-16 1 
-4.45946 -1.35726e-16 1 
-4.44945 -1.56941e-16 1 
-4.43944 -1.8142e-16 1 
-4.42943 -2.09655e-16 1 
-4.41942 -2.42214e-16 1 
-4.40941 -2.79746e-16 1 
-4.3994 -3.23001e-16 1 
-4.38939 -3.72834e-16 1 
-4.37938 -4.30229e-16 1 
-4.36937 -4.96315e-16 1 
-4.35936 -5.72384e-16 1 
-4.34935 -6.59918e-16 1 
-4.33934 -7.60617e-16 1 
-4.32933 -8.76425e-16 1 
-4.31932 -1.00957e-15 1 
-4.30931 -1.1626e-15 1 
-4.2993 -1.33844e-15 1 
-4.28929 -1.54042e-15 1 
-4.27928 -1.77236e-15 1 
-4.26927 -2.03862e-15 1 
-4.25926 -2.3442e-15 1 
-4.24925 -2.6948e-15 1 
-4.23924 -3.09693e-15 1 
-4.22923 -3.55802e-15 1 
-4.21922 -4.08656e-15 1 
-4.20921 -4.69225e-15 1 
-4.1992 -5.38613e-15 1 
-4.18919 -6.18081e-15 1 
-4.17918 -7.09066e-15 1 
-4.16917 -8.13206e-15 1 
-4.15916 -9.32368e-15 1 
-4.14915 -1.06868e-14 1 
-4.13914 -1.22456e-14 1 
-4.12913 -1.40277e-14 1 
-4.11912 -1.60644e-14 1 
-4.10911 -1.83914e-14 1 
-4.0991 -2.10494e-14 1 
-4.08909 -2.40844e-14 1 
-4.07908 -2.7549e-14 1 
-4.06907 -3.15027e-14 1 
-4.05906 -3.60133e-14 1 
-4.04905 -4.11577e-14 1 
-4.03904 -4.70232e-14 1 
-4.02903 -5.37089e-14 1 
-4.01902 -6.13271e-14 1 
-4.00901 -7.00055e-14 1 
-3.999 -7.98885e-14 1 
-3.98899 -9.11401e-14 1 
-3.97898 -1.03946e-13 1 
-3.96897 -1.18516e-13 1 
-3.95896 -1.3509e-13 1 
-3.94895 -1.53935e-13 1 
-3.93894 -1.75359e-13 1 
-3.92893 -1.99706e-13 1 
-3.91892 -2.27366e-13 1 
-3.90891 -2.58781e-13 1 
-3.8989 -2.94452e-13 1 
-3.88889 -3.3494e-13 1 
-3.87888 -3.80885e-13 1 
-3.86887 -4.33005e-13 1 
-3.85886 -4.92113e-13 1 
-3.84885 -5.59126e-13 1 
-3.83884 -6.35079e-13 1 
-3.82883 -7.21138e-13 1 
-3.81882 -8.18619e-13 1 
-3.80881 -9.29005e-13 1 
-3.7988 -1.05397e-12 1 
-3.78879 -1.19539e-12 1 
-3.77878 -1.35539e-12 1 
-3.76877 -1.53635e-12 1 
-3.75876 -1.74097e-12 1 
-3.74875 -1.97226e-12 1 
-3.73874 -2.23363e-12 1 
-3.72873 -2.52889e-12 1 
-3.71872 -2.86234e-12 1 
-3.70871 -3.23881e-12 1 
-3.6987 -3.66373e-12 1 
-3.68869 -4.14318e-12 1 
-3.67868 -4.684e-12 1 
-3.66867 -5.29387e-12 1 
-3.65866 -5.98138e-12 1 
-3.64865 -6.75621e-12 1 
-3.63864 -7.62918e-12 1 
-3.62863 -8.61242e-12 1 
-3.61862 -9.71953e-12 1 
-3.60861 -1.09657e-11 1 
-3.5986 -1.23681e-11 1 
-3.58859 -1.39458e-11 1 
-3.57858 -1.57201e-11 1 
-3.56857 -1.77149e-11 1 
-3.55856 -1.9957e-11 1 
-3.54855 -2.24763e-11 1 
-3.53854 -2.53063e-11 1 
-3.52853 -2.84842e-11 1 
-3.51852 -3.20518e-11 1 
-3.50851 -3.60557e-11 1 
-3.4985 -4.05478e-11 1 
-3.48849 -4.55863e-11 1 
-3.47848 -5.12359e-11 1 
-3.46847 -5.75688e-11 1 
-3.45846 -6.46655e-11 1 
-3.44845 -7.26158e-11 1 
-3.43844 -8.15197e-11 1 
-3.42843 -9.14885e-11 1 
-3.41842 -1.02646e-10 1 
-3.40841 -1.15131e-10 1 
-3.3984 -1.29097e-10 1 
-3.38839 -1.44714e-10 1 
-3.37838 -1.62173e-10 1 
-3.36837 -1.81685e-10 1 
-3.35836 -2.03486e-10 1 
-3.34835 -2.27835e-10 1 
-3.33834 -2.55023e-10 1 
-3.32833 -2.85373e-10 1 
-3.31832 -3.1924e-10 1 
-3.30831 -3.57023e-10 1 
-3.2983 -3.9916e-10 1 
-3.28829 -4.46139e-10 1 
-3.27828 -4.98502e-10 1 
-3.26827 -5.56848e-10 1 
-3.25826 -6.2184e-10 1 
-3.24825 -6.94214e-10 1 
-3.23824 -7.74786e-10 1 
-3.22823 -8.64455e-10 1 
-3.21822 -9.64219e-10 1 
-3.20821 -1.07518e-09 1 
-3.1982 -1.19856e-09 1 
-3.18819 -1.33571e-09 1 
-3.17818 -1.48812e-09 1 
-3.16817 -1.65743e-09 1 
-3.15816 -1.84547e-09 1 
-3.14815 -2.05424e-09 1 
-3.13814 -2.28595e-09 1 
-3.12813 -2.54305e-09 1 
-3.11812 -2.82825e-09 1 
-3.10811 -3.14451e-09 1 
-3.0981 -3.4951e-09 1 
-3.08809 -3.88365e-09 1 
-3.07808 -4.31413e-09 1 
-3.06807 -4.79093e-09 1 
-3.05806 -5.31886e-09 1 
-3.04805 -5.90324e-09 1 
-3.03804 -6.54991e-09 1 
-3.02803 -7.26528e-09 1 
-3.01802 -8.05644e-09 1 
-3.00801 -8.93112e-09 1 
-2.998 -9.89788e-09 1 
-2.98799 -1.09661e-08 1 
-2.97798 -1.2146e-08 1 
-2.96797 -1.34489e-08 1 
-2.95796 -1.48872e-08 1 
-2.94795 -1.64746e-08 1 
-2.93794 -1.82258e-08 1 
-2.92793 -2.01573e-08 1 
-2.91792 -2.2287e-08 1 
-2.90791 -2.46345e-08 1 
-2.8979 -2.72212e-08 1 
-2.88789 -3.00708e-08 1 
-2.87788 -3.32089e-08 1 
-2.86787 -3.66638e-08 1 
-2.85786 -4.04663e-08 1 
-2.84785 -4.465e-08 1 
-2.83784 -4.92519e-08 1 
-2.82783 -5.43122e-08 1 
-2.81782 -5.98748e-08 1 
-2.80781 -6.59879e-08 1 
-2.7978 -7.27038e-08 1 
-2.78779 -8.00797e-08 1 
-2.77778 -8.81781e-08 1 
-2.76777 -9.70671e-08 1 
-2.75776 -1.06821e-07 1 
-2.74775 -1.1752e-07 1 
-2.73774 -1.29254e-07 1 
-2.72773 -1.42117e-07 1 
-2.71772 -1.56214e-07 1 
-2.70771 -1.7166e-07 1 
-2.6977 -1.88577e-07 1 
-2.68769 -2.07101e-07 1 
-2.67768 -2.27379e-07 1 
-2.66767 -2.49568e-07 1 
-2.65766 -2.73843e-07 1 
-2.64765 -3.00391e-07 1 
-2.63764 -3.29416e-07 1 
-2.62763 -3.6114e-07 1 
-2.61762 -3.95803e-07 1 
-2.60761 -4.33666e-07 1 
-2.5976 -4.75012e-07 1 
-2.58759 -5.20147e-07 1 
-2.57758 -5.69405e-07 1 
-2.56757 -6.23145e-07 1 
-2.55756 -6.81757e-07 1 
-2.54755 -7.45663e-07 1 
-2.53754 -8.15321e-07 1 
-2.52753 -8.91226e-07 1 
-2.51752 -9.73911e-07 1 
-2.50751 -1.06396e-06 1 
-2.4975 -1.16199e-06 1 
-2.48749 -1.26868e-06 1 
-2.47748 -1.38476e-06 1 
-2.46747 -1.51102e-06 1 
-2.45746 -1.64831e-06 1 
-2.44745 -1.79755e-06 1 
-2.43744 -1.95972e-06 1 
-2.42743 -2.1359e-06 1 
-2.41742 -2.32724e-06 1 
-2.40741 -2.53497e-06 1 
-2.3974 -2.76044e-06 1 
-2.38739 -3.00508e-06 1 
-2.37738 -3.27044e-06 1 
-2.36737 -3.55819e-06 1 
-2.35736 -3.87013e-06 1 
-2.34735 -4.20818e-06 1 
-2.33734 -4.57442e-06 1 
-2.32733 -4.97108e-06 1 
-2.31732 -5.40054e-06 1 
-2.30731 -5.86539e-06 1 
-2.2973 -6.36839e-06 1 
-2.28729 -6.91249e-06 1 
-2.27728 -7.50088e-06 1 
-2.26727 -8.13697e-06 1 
-2.25726 -8.82441e-06 1 
-2.24725 -9.56712e-06 1 
-2.23724 -1.03693e-05 1 
-2.22723 -1.12354e-05 1 
-2.21722 -1.21704e-05 1 
-2.20721 -1.31792e-05 1 
-2.1972 -1.42675e-05 1 
-2.18719 -1.54411e-05 1 
-2.17718 -1.67064e-05 1 
-2.16717 -1.807e-05 1 
-2.15716 -1.95392e-05 1 
-2.14715 -2.11216e-05 1 
-2.13714 -2.28255e-05 1 
-2.12713 -2.46596e-05 1 
-2.11712 -2.66333e-05 1 
-2.10711 -2.87564e-05 1 
-2.0971 -3.10397e-05 1 
-2.08709 -3.34944e-05 1 
-2.07708 -3.61325e-05 1 
-2.06707 -3.8967e-05 1 
-2.05706 -4.20115e-05 1 
-2.04705 -4.52806e-05 1 
-2.03704 -4.87896e-05 1 
-2.02703 -5.2555e-05 1 
-2.01702 -5.65944e-05 1 
-2.00701 -6.09262e-05 1 
-1.997 -6.55702e-05 1 
-1.98699 -7.05474e-05 1 
-1.97698 -7.588e-05 1 
-1.96697 -8.15915e-05 1 
-1.95696 -8.77069e-05 1 
-1.94695 -9.42528e-05 1 
-1.93694 -0.000101257 1 
-1.92693 -0.00010875 1 
-1.91692 -0.000116763 1 
-1.90691 -0.000125328 1 
-1.8969 -0.000134482 1 
-1.88689 -0.000144262 1 
-1.87688 -0.000154707 1 
-1.86687 -0.000165859 1 
-1.85686 -0.000177761 1 
-1.84685 -0.000190461 1 
-1.83684 -0.000204007 1 
-1.82683 -0.000218451 1 
-1.81682 -0.000233848 1 
-1.80681 -0.000250255 1 
-1.7968 -0.000267733 1 
-1.78679 -0.000286345 1 
-1.77678 -0.000306158 1 
-1.76677 -0.000327244 1 
-1.75676 -0.000349677 1 
-1.74675 -0.000373534 1 
-1.73674 -0.000398898 1 
-1.72673 -0.000425855 1 
-1.71672 -0.000454495 1 
-1.70671 -0.000484913 1 
-1.6967 -0.000517209 1 
-1.68669 -0.000551487 1 
-1.67668 -0.000587857 1 
-1.66667 -0.000626432 1 
-1.65666 -0.000667332 1 
-1.64665 -0.000710683 1 
-1.63664 -0.000756616 1 
-1.62663 -0.000805267 1 
-1.61662 -0.000856779 1 
-1.60661 -0.000911301 1 
-1.5966 -0.000968988 1 
-1.58659 -0.00103 1 
-1.57658 -0.00109451 1 
-1.56657 -0.0011627 1 
-1.55656 -0.00123473 1 
-1.54655 -0.00131082 1 
-1.53654 -0.00139114 1 
-1.52653 -0.00147591 1 
-1.51652 -0.00156534 1 
-1.50651 -0.00165965 1 
-1.4965 -0.00175907 1 
-1.48649 -0.00186383 1 
-1.47648 -0.00197418 1 
-1.46647 -0.00209038 1 
-1.45646 -0.00221267 1 
-1.44645 -0.00234134 1 
-1.43644 -0.00247665 1 
-1.42643 -0.00261891 1 
-1.41642 -0.00276838 1 
-1.40641 -0.00292539 1 
-1.3964 -0.00309024 1 
-1.38639 -0.00326325 1 
-1.37638 -0.00344473 1 
-1.36637 -0.00363504 1 
-1.35636 -0.0038345 1 
-1.34635 -0.00404346 1 
-1.33634 -0.00426228 1 
-1.32633 -0.00449131 1 
-1.31632 -0.00473092 1 
-1.30631 -0.00498148 1 
-1.2963 -0.00524337 1 
-1.28629 -0.00551696 1 
-1.27628 -0.00580263 1 
-1.26627 -0.00610077 1 
-1.25626 -0.00641176 1 
-1.24625 -0.00673598 1 
-1.23624 -0.00707383 1 
-1.22623 -0.00742568 1 
-1.21622 -0.0077919 1 
-1.20621 -0.00817288 1 
-1.1962 -0.00856899 1 
-1.18619 -0.00898057 1 
-1.17618 -0.00940798 1 
-1.16617 -0.00985156 1 
-1.15616 -0.0103116 1 
-1.14615 -0.0107885 1 
-1.13614 -0.0112825 1 
-1.12613 -0.0117938 1 
-1.11612 -0.0123228 1 
-1.10611 -0.0128696 1 
-1.0961 -0.0134344 1 
-1.08609 -0.0140175 1 
-1.07608 -0.0146188 1 
-1.06607 -0.0152386 1 
-1.05606 -0.0158768 1 
-1.04605 -0.0165335 1 
-1.03604 -0.0172086 1 
-1.02603 -0.017902 1 
-1.01602 -0.0186136 1 
-1.00601 -0.0193432 1 
-0.995996 -0.0200904 1 
-0.985986 -0.020855 1 
-0.975976 -0.0216364 1 
-0.965966 -0.0224342 1 
-0.955956 -0.0232478 1 
-0.945946 -0.0240765 1 
-0.935936 -0.0249195 1 
-0.925926 -0.025776 1 
-0.915916 -0.0266448 1 
-0.905906 -0.0275251 1 
-0.895896 -0.0284154 1 
-0.885886 -0.0293145 1 
-0.875876 -0.0302209 1 
-0.865866 -0.0311329 1 
-0.855856 -0.0320489 1 
-0.845846 -0.0329668 1 
-0.835836 -0.0338847 1 
-0.825826 -0.0348003 1 
-0.815816 -0.0357112 1 
-0.805806 -0.0366148 1 
-0.795796 -0.0375084 1 
-0.785786 -0.038389 1 
-0.775776 -0.0392536 1 
-0.765766 -0.0400987 1 
-0.755756 -0.040921 1 
-0.745746 -0.0417165 1 
-0.735736 -0.0424815 1 
-0.725726 -0.0432117 1 
-0.715716 -0.0439027 1 
-0.705706 -0.0445499 1 
-0.695696 -0.0451486 1 
-0.685686 -0.0456936 1 
-0.675676 -0.0461796 1 
-0.665666 -0.0466011 1 
-0.655656 -0.0469524 1 
-0.645646 -0.0472274 1 
-0.635636 -0.0474199 1 
-0.625626 -0.0475234 1 
-0.615616 -0.0475312 1 
-0.605606 -0.0474364 1 
-0.595596 -0.0472317 1 
-0.585586 -0.04691 1 
-0.575576 -0.0464634 1 
-0.565566 -0.0458842 1 
-0.555556 -0.0451644 1 
-0.545546 -0.0442957 1 
-0.535536 -0.0432697 1 
-0.525526 -0.042078 1 
-0.515516 -0.0407116 1 
-0.505506 -0.0391617 1 
-0.495495 -0.0374193 1 
-0.485485 -0.0354752 1 
-0.475475 -0.0333201 1 
-0.465465 -0.0309446 1 
-0.455455 -0.0283394 1 
-0.445445 -0.0254949 1 
-0.435435 -0.0224015 1 
-0.425425 -0.0190499 1 
-0.415415 -0.0154304 1 
-0.405405 -0.0115336 1 
-0.395395 -0.00735008 1 
-0.385385 -0.00287048 1 
-0.375375 0.00191438 1 
-0.365365 0.00701356 1 
-0.355355 0.0124359 1 
-0.345345 0.0181902 1 
-0.335335 0.0242847 1 
-0.325325 0.0307278 1 
-0.315315 0.0375271 1 
-0.305305 0.0446903 1 
-0.295295 0.0522244 1 
-0.285285 0.0601362 1 
-0.275275 0.0684321 1 
-0.265265 0.0771178 1 
-0.255255 0.0861986 1 
-0.245245 0.0956794 1 
-0.235235 0.105564 1 
-0.225225 0.115857 1 
-0.215215 0.12656 1 
-0.205205 0.137676 1 
-0.195195 0.149206 1 
-0.185185 0.161151 1 
-0.175175 0.173511 1 
-0.165165 0.186286 1 
-0.155155 0.199473 1 
-0.145145 0.21307 1 
-0.135135 0.227074 1 
-0.125125 0.241481 1 
-0.115115 0.256284 1 
-0.105105 0.271479 1 
-0.0950951 0.287057 1 
-0.0850851 0.303011 1 
-0.0750751 0.319331 1 
-0.0650651 0.336007 1 
-0.0550551 0.353029 1 
-0.045045 0.370384 1 
-0.035035 0.388058 1 
-0.025025 0.406037 1 
-0.015015 0.424307 1 
-0.00500501 0.442851 1 
0.00500501 0.461652 0 
0.015015 0.480691 0 
0.025025 0.499949 0 
0.035035 0.519407 0 
0.045045 0.539042 0 
0.0550551 0.558834 0 
0.0650651 0.578759 0 
0.0750751 0.598793 0 
0.0850851 0.618913 0 
0.0950951 0.639093 0 
0.105105 0.659308 0 
0.115115 0.67953 0 
0.125125 0.699733 0 
0.135135 0.719889 0 
0.145145 0.739969 0 
0.155155 0.759946 0 
0.165165 0.77979 0 
0.175175 0.799473 0 
0.185185 0.818964 0 
0.195195 0.838234 0 
0.205205 0.857253 0 
0.215215 0.875991 0 
0.225225 0.894419 0 
0.235235 0.912507 0 
0.245245 0.930225 0 
0.255255 0.947545 0 
0.265265 0.964437 0 
0.275275 0.980873 0 
0.285285 0.996826 0 
0.295295 1.01227 0 
0.305305 1.02717 0 
0.315315 1.04151 0 
0.325325 1.05526 0 
0.335335 1.06839 0 
0.345345 1.08089 0 
0.355355 1.09273 0 
0.365365 1.10389 0 
0.375375 1.11434 0 
0.385385 1.12408 0 
0.395395 1.13307 0 
0.405405 1.14132 0 
0.415415 1.14879 0 
0.425425 1.15547 0 
0.435435 1.16136 0 
0.445445 1.16644 0 
0.455455 1.1707 0 
0.465465 1.17414 0 
0.475475 1.17674 0 
0.485485 1.17851 0 
0.495495 1.17943 0 
0.505506 1.17952 0 
0.515516 1.17876 0 
0.525526 1.17715 0 
0.535536 1.17471 0 
0.545546 1.17143 0 
0.555556 1.16733 0 
0.565566 1.1624 0 
0.575576 1.15666 0 
0.585586 1.15012 0 
0.595596 1.14279 0 
0.605606 1.13469 0 
0.615616 1.12582 0 
0.625626 1.11621 0 
0.635636 1.10587 0 
0.645646 1.09482 0 
0.655656 1.08309 0 
0.665666 1.07068 0 
0.675676 1.05763 0 
0.685686 1.04396 0 
0.695696 1.02969 0 
0.705706 1.01485 0 
0.715716 0.999455 0 
0.725726 0.983544 0 
0.735736 0.967139 0 
0.745746 0.950268 0 
0.755756 0.932959 0 
0.765766 0.915242 0 
0.775776 0.897145 0 
0.785786 0.878699 0 
0.795796 0.859931 0 
0.805806 0.840874 0 
0.815816 0.821556 0 
0.825826 0.802007 0 
0.835836 0.782257 0 
0.845846 0.762336 0 
0.855856 0.742273 0 
0.865866 0.722097 0 
0.875876 0.701838 0 
0.885886 0.681524 0 
0.895896 0.661182 0 
0.905906 0.64084 0 
0.915916 0.620525 0 
0.925926 0.600264 0 
0.935936 0.580081 0 
0.945946 0.560002 0 
0.955956 0.54005 0 
0.965966 0.520249 0 
0.975976 0.500621 0 
0.985986 0.481188 0 
0.995996 0.461971 0 
1.00601 0.442988 1 
1.01602 0.424259 1 
1.02603 0.405801 1 
1.03604 0.387632 1 
1.04605 0.369766 1 
1.05606 0.352219 1 
1.06607 0.335003 1 
1.07608 0.318133 1 
1.08609 0.301619 1 
1.0961 0.285473 1 
1.10611 0.269703 1 
1.11612 0.254318 1 
1.12613 0.239326 1 
1.13614 0.224733 1 
1.14615 0.210545 1 
1.15616 0.196767 1 
1.16617 0.183403 1 
1.17618 0.170455 1 
1.18619 0.157925 1 
1.1962 0.145814 1 
1.20621 0.134124 1 
1.21622 0.122852 1 
1.22623 0.111998 1 
1.23624 0.101561 1 
1.24625 0.0915361 1 
1.25626 0.0819214 1 
1.26627 0.0727124 1 
1.27628 0.0639047 1 
1.28629 0.055493 1 
1.2963 0.0474716 1 
1.30631 0.0398343 1 
1.31632 0.0325745 1 
1.32633 0.0256851 1 
1.33634 0.0191585 1 
1.34635 0.012987 1 
1.35636 0.00716245 1 
1.36637 0.00167633 1 
1.37638 -0.00348002 1 
1.38639 -0.00831552 1 
1.3964 -0.0128393 1 
1.40641 -0.0170606 1 
1.41642 -0.0209888 1 
1.42643 -0.0246335 1 
1.43644 -0.0280042 1 
1.44645 -0.0311106 1 
1.45646 -0.0339623 1 
1.46647 -0.036569 1 
1.47648 -0.0389404 1 
1.48649 -0.0410859 1 
1.4965 -0.0430152 1 
1.50651 -0.0447376 1 
1.51652 -0.0462626 1 
1.52653 -0.0475994 1 
1.53654 -0.0487569 1 
1.54655 -0.0497443 1 
1.55656 -0.0505701 1 
1.56657 -0.0512432 1 
1.57658 -0.0517718 1 
1.58659 -0.0521641 1 
1.5966 -0.0524283 1 
1.60661 -0.0525721 1 
1.61662 -0.052603 1 
1.62663 -0.0525285 1 
1.63664 -0.0523557 1 
1.64665 -0.0520915 1 
1.65666 -0.0517425 1 
1.66667 -0.0513152 1 
1.67668 -0.0508157 1 
1.68669 -0.0502501 1 
1.6967 -0.049624 1 
1.70671 -0.0489428 1 
1.71672 -0.0482119 1 
1.72673 -0.0474362 1 
1.73674 -0.0466205 1 
1.74675 -0.0457693 1 
1.75676 -0.044887 1 
1.76677 -0.0439776 1 
1.77678 -0.043045 1 
1.78679 -0.0420928 1 
1.7968 -0.0411246 1 
1.80681 -0.0401435 1 
1.81682 -0.0391527 1 
1.82683 -0.0381549 1 
1.83684 -0.0371529 1 
1.84685 -0.0361491 1 
1.85686 -0.0351459 1 
1.86687 -0.0341454 1 
1.87688 -0.0331497 1 
1.88689 -0.0321604 1 
1.8969 -0.0311795 1 
1.90691 -0.0302083 1 
1.91692 -0.0292484 1 
1.92693 -0.0283009 1 
1.93694 -0.0273671 1 
1.94695 -0.0264479 1 
1.95696 -0.0255444 1 
1.96697 -0.0246573 1 
1.97698 -0.0237873 1 
1.98699 -0.0229351 1 
1.997 -0.0221012 1 
2.00701 -0.0212861 1 
2.01702 -0.0204901 1 
2.02703 -0.0197135 1 
2.03704 -0.0189566 1 
2.04705 -0.0182195 1 
2.05706 -0.0175023 1 
2.06707 -0.0168051 1 
2.07708 -0.0161279 1 
2.08709 -0.0154706 1 
2.0971 -0.0148331 1 
2.10711 -0.0142153 1 
2.11712 -0.013617 1 
2.12713 -0.013038 1 
2.13714 -0.012478 1 
2.14715 -0.0119369 1 
2.15716 -0.0114143 1 
2.16717 -0.0109099 1 
2.17718 -0.0104234 1 
2.18719 -0.00995441 1 
2.1972 -0.0095026 1 
2.20721 -0.00906758 1 
2.21722 -0.00864898 1 
2.22723 -0.00824641 1 
2.23724 -0.00785946 1 
2.24725 -0.00748773 1 
2.25726 -0.00713081 1 
2.26727 -0.0067883 1 
2.27728 -0.00645978 1 
2.28729 -0.00614484 1 
2.2973 -0.00584306 1 
2.30731 -0.00555405 1 
2.31732 -0.00527739 1 
2.32733 -0.00501268 1 
2.33734 -0.00475953 1 
2.34735 -0.00451754 1 
2.35736 -0.00428632 1 
2.36737 -0.0040655 1 
2.37738 -0.00385471 1 
2.38739 -0.00365356 1 
2.3974 -0.00346171 1 
2.40741 -0.00327881 1 
2.41742 -0.00310451 1 
2.42743 -0.00293847 1 
2.43744 -0.00278038 1 
2.44745 -0.0026299 1 
2.45746 -0.00248674 1 
2.46747 -0.00235059 1 
2.47748 -0.00222116 1 
2.48749 -0.00209816 1 
2.4975 -0.00198133 1 
2.50751 -0.00187039 1 
2.51752 -0.00176509 1 
2.52753 -0.00166518 1 
2.53754 -0.00157042 1 
2.54755 -0.00148058 1 
2.55756 -0.00139543 1 
2.56757 -0.00131476 1 
2.57758 -0.00123836 1 
2.58759 -0.00116603 1 
2.5976 -0.00109759 1 
2.60761 -0.00103283 1 
2.61762 -0.000971594 1 
2.62763 -0.000913701 1 
2.63764 -0.000858992 1 
2.64765 -0.000807308 1 
2.65766 -0.000758499 1 
2.66767 -0.000712421 1 
2.67768 -0.000668936 1 
2.68769 -0.000627913 1 
2.6977 -0.000589225 1 
2.70771 -0.000552752 1 
2.71772 -0.000518379 1 
2.72773 -0.000485995 1 
2.73774 -0.000455496 1 
2.74775 -0.000426782 1 
2.75776 -0.000399756 1 
2.76777 -0.000374329 1 
2.77778 -0.000350414 1 
2.78779 -0.000327927 1 
2.7978 -0.000306791 1 
2.80781 -0.000286932 1 
2.81782 -0.000268277 1 
2.82783 -0.00025076 1 
2.83784 -0.000234317 1 
2.84785 -0.000218887 1 
2.85786 -0.000204411 1 
2.86787 -0.000190836 1 
2.87788 -0.00017811 1 
2.88789 -0.000166182 1 
2.8979 -0.000155008 1 
2.90791 -0.000144541 1 
2.91792 -0.000134742 1 
2.92793 -0.000125569 1 
2.93794 -0.000116987 1 
2.94795 -0.000108958 1 
2.95796 -0.000101451 1 
2.96797 -9.44328e-05 1 
2.97798 -8.78742e-05 1 
2.98799 -8.17469e-05 1 
2.998 -7.60244e-05 1 
3.00801 -7.06817e-05 1 
3.01802 -6.5695e-05 1 
3.02803 -6.10421e-05 1 
3.03804 -5.67021e-05 1 
3.04805 -5.26551e-05 1 
3.05806 -4.88825e-05 1 
3.06807 -4.53669e-05 1 
3.07808 -4.20917e-05 1 
3.08809 -3.90415e-05 1 
3.0981 -3.62017e-05 1 
3.10811 -3.35586e-05 1 
3.11812 -3.10992e-05 1 
3.12813 -2.88117e-05 1 
3.13814 -2.66846e-05 1 
3.14815 -2.47072e-05 1 
3.15816 -2.28697e-05 1 
3.16817 -2.11626e-05 1 
3.17818 -1.95772e-05 1 
3.18819 -1.81052e-05 1 
3.1982 -1.6739e-05 1 
3.20821 -1.54713e-05 1 
3.21822 -1.42955e-05 1 
3.22823 -1.32051e-05 1 
3.23824 -1.21944e-05 1 
3.24825 -1.12577e-05 1 
3.25826 -1.03899e-05 1 
3.26827 -9.58615e-06 1 
3.27828 -8.84201e-06 1 
3.28829 -8.15325e-06 1 
3.2983 -7.51594e-06 1 
3.30831 -6.92641e-06 1 
3.31832 -6.38125e-06 1 
3.32833 -5.87727e-06 1 
3.33834 -5.41151e-06 1 
3.34835 -4.98121e-06 1 
3.35836 -4.58377e-06 1 
3.36837 -4.21681e-06 1 
3.37838 -3.87809e-06 1 
3.38839 -3.56554e-06 1 
3.3984 -3.27721e-06 1 
3.40841 -3.01132e-06 1 
3.41842 -2.76619e-06 1 
3.42843 -2.54027e-06 1 
3.43844 -2.33211e-06 1 
3.44845 -2.14039e-06 1 
3.45846 -1.96385e-06 1 
3.46847 -1.80135e-06 1 
3.47848 -1.65181e-06 1 
3.48849 -1.51424e-06 1 
3.4985 -1.38772e-06 1 
3.50851 -1.2714e-06 1 
3.51852 -1.16449e-06 1 
3.52853 -1.06625e-06 1 
3.53854 -9.7602e-07 1 
3.54855 -8.93161e-07 1 
3.55856 -8.17098e-07 1 
3.56857 -7.47293e-07 1 
3.57858 -6.83252e-07 1 
3.58859 -6.24516e-07 1 
3.5986 -5.70662e-07 1 
3.60861 -5.21299e-07 1 
3.61862 -4.76067e-07 1 
3.62863 -4.34632e-07 1 
3.63864 -3.96687e-07 1 
3.64865 -3.61949e-07 1 
3.65866 -3.30157e-07 1 
3.66867 -3.01068e-07 1 
3.67868 -2.74463e-07 1 
3.68869 -2.50135e-07 1 
3.6987 -2.27896e-07 1 
3.70871 -2.07575e-07 1 
3.71872 -1.89009e-07 1 
3.72873 -1.72054e-07 1 
3.73874 -1.56574e-07 1 
3.74875 -1.42445e-07 1 
3.75876 -1.29553e-07 1 
3.76877 -1.17794e-07 1 
3.77878 -1.0707e-07 1 
3.78879 -9.72943e-08 1 
3.7988 -8.83852e-08 1 
3.80881 -8.02683e-08 1 
3.81882 -7.28755e-08 1 
3.82883 -6.61443e-08 1 
3.83884 -6.00172e-08 1 
3.84885 -5.44417e-08 1 
3.85886 -4.93697e-08 1 
3.86887 -4.47571e-08 1 
3.87888 -4.05636e-08 1 
3.88889 -3.67523e-08 1 
3.8989 -3.32893e-08 1 
3.90891 -3.01438e-08 1 
3.91892 -2.72875e-08 1 
3.92893 -2.46946e-08 1 
3.93894 -2.23416e-08 1 
3.94895 -2.02068e-08 1 
3.95896 -1.82707e-08 1 
3.96897 -1.65153e-08 1 
3.97898 -1.49241e-08 1 
3.98899 -1.34823e-08 1 
3.999 -1.21762e-08 1 
4.00901 -1.09935e-08 1 
4.01902 -9.92268e-09 1 
4.02903 -8.95357e-09 1 
4.03904 -8.07674e-09 1 
4.04905 -7.28365e-09 1 
4.05906 -6.56651e-09 1 
4.06907 -5.91824e-09 1 
4.07908 -5.33242e-09 1 
4.08909 -4.80317e-09 1 
4.0991 -4.32519e-09 1 
4.10911 -3.89363e-09 1 
4.11912 -3.50411e-09 1 
4.12913 -3.15263e-09 1 
4.13914 -2.83558e-09 1 
4.14915 -2.54966e-09 1 
4.15916 -2.29191e-09 1 
4.16917 -2.0596e-09 1 
4.17918 -1.8503e-09 1 
4.18919 -1.66179e-09 1 
4.1992 -1.49204e-09 1 
4.20921 -1.33924e-09 1 
4.21922 -1.20174e-09 1 
4.22923 -1.07804e-09 1 
4.23924 -9.66787e-10 1 
4.24925 -8.66763e-10 1 
4.25926 -7.7686e-10 1 
4.26927 -6.96078e-10 1 
4.27928 -6.23514e-10 1 
4.28929 -5.5835e-10 1 
4.2993 -4.99851e-10 1 
4.30931 -4.4735e-10 1 
4.31932 -4.00246e-10 1 
4.32933 -3.57996e-10 1 
4.33934 -3.20113e-10 1 
4.34935 -2.86155e-10 1 
4.35936 -2.55725e-10 1 
4.36937 -2.28463e-10 1 
4.37938 -2.04048e-10 1 
4.38939 -1.82189e-10 1 
4.3994 -1.62624e-10 1 
4.40941 -1.45117e-10 1 
4.41942 -1.29457e-10 1 
4.42943 -1.15453e-10 1 
4.43944 -1.02934e-10 1 
4.44945 -9.17459e-11 1 
4.45946 -8.17496e-11 1 
4.46947 -7.28212e-11 1 
4.47948 -6.48489e-11 1 
4.48949 -5.77324e-11 1 
4.4995 -5.13819e-11 1 
4.50951 -4.57166e-11 1 
4.51952 -4.0664e-11 1 
4.52953 -3.61592e-11 1 
4.53954 -3.2144e-11 1 
4.54955 -2.85664e-11 1 
4.55956 -2.53795e-11 1 
4.56957 -2.25415e-11 1 
4.57958 -2.0015e-11 1 
4.58959 -1.77665e-11 1 
4.5996 -1.5766e-11 1 
4.60961 -1.39866e-11 1 
4.61962 -1.24044e-11 1 
4.62963 -1.0998e-11 1 
4.63964 -9.7482e-12 1 
4.64965 -8.63788e-12 1 
4.65966 -7.65179e-12 1 
4.66967 -6.77629e-12 1 
4.67968 -5.9992e-12 1 
4.68969 -5.30967e-12 1 
4.6997 -4.69802e-12 1 
4.70971 -4.15561e-12 1 
4.71972 -3.67475e-12 1 
4.72973 -3.24858e-12 1 
4.73974 -2.87099e-12 1 
4.74975 -2.53655e-12 1 
4.75976 -2.24041e-12 1 
4.76977 -1.97826e-12 1 
4.77978 -1.74628e-12 1 
4.78979 -1.54105e-12 1 
4.7998 -1.35954e-12 1 
4.80981 -1.19906e-12 1 
4.81982 -1.05721e-12 1 
4.82983 -9.31871e-13 1 
4.83984 -8.2115e-13 1 
4.84985 -7.23373e-13 1 
4.85986 -6.37052e-13 1 
4.86987 -5.60868e-13 1 
4.87988 -4.93649e-13 1 
4.88989 -4.3436e-13 1 
4.8999 -3.82079e-13 1 
4.90991 -3.35993e-13 1 
4.91992 -2.95379e-13 1 
4.92993 -2.59599e-13 1 
4.93994 -2.28085e-13 1 
4.94995 -2.00339e-13 1 
4.95996 -1.75916e-13 1 
4.96997 -1.54426e-13 1 
4.97998 -1.35521e-13 1 
4.98999 -1.18896e-13 1 
5 -1.04279e-13 1 
