0.1 -15.3058
0.1098 -14.6718
0.1196 -14.0937
0.1294 -13.5627
0.1392 -13.0719
0.149 -12.6159
0.1588 -12.1901
0.1686 -11.7911
0.1784 -11.4157
0.1882 -11.0614
0.198 -10.7261
0.2078 -10.408
0.2176 -10.1054
0.2274 -9.817
0.2372 -9.5416
0.247 -9.27815
0.2568 -9.02572
0.2666 -8.78347
0.2764 -8.55067
0.2862 -8.32667
0.296 -8.11087
0.3058 -7.90273
0.3156 -7.70178
0.3254 -7.50758
0.3352 -7.31971
0.345 -7.13783
0.3548 -6.96158
0.3646 -6.79068
0.3744 -6.62482
0.3842 -6.46376
0.394 -6.30725
0.4038 -6.15506
0.4136 -6.00699
0.4234 -5.86285
0.4332 -5.72245
0.443 -5.58563
0.4528 -5.45224
0.4626 -5.32211
0.4724 -5.19513
0.4822 -5.07116
0.492 -4.95007
0.5018 -4.83176
0.5116 -4.71612
0.5214 -4.60304
0.5312 -4.49243
0.541 -4.3842
0.5508 -4.27826
0.5606 -4.17454
0.5704 -4.07296
0.5802 -3.97344
0.590001 -3.87591
0.599801 -3.78031
0.609601 -3.68658
0.619401 -3.59466
0.629201 -3.50448
0.639001 -3.416
0.648801 -3.32917
0.658601 -3.24393
0.668401 -3.16024
0.678201 -3.07806
0.688001 -2.99733
0.697801 -2.91802
0.707601 -2.84009
0.717401 -2.7635
0.727201 -2.68822
0.737001 -2.6142
0.746801 -2.54142
0.756601 -2.46985
0.766401 -2.39945
0.776201 -2.33019
0.786001 -2.26204
0.795801 -2.19499
0.805601 -2.12899
0.815401 -2.06403
0.825201 -2.00007
0.835001 -1.93711
0.844801 -1.8751
0.854601 -1.81404
0.864401 -1.7539
0.874201 -1.69465
0.884001 -1.63629
0.893801 -1.57878
0.903601 -1.52211
0.913401 -1.46627
0.923201 -1.41123
0.933001 -1.35698
0.942801 -1.3035
0.952601 -1.25077
0.962401 -1.19879
0.972201 -1.14753
0.982001 -1.09698
0.991801 -1.04712
1.0016 -0.997952
1.0114 -0.949451
1.0212 -0.901605
1.031 -0.854404
1.0408 -0.807834
1.0506 -0.761884
1.0604 -0.716542
1.0702 -0.671797
1.08 -0.627638
1.0898 -0.584056
1.0996 -0.541038
1.1094 -0.498576
1.1192 -0.456659
1.129 -0.415278
1.1388 -0.374424
1.1486 -0.334088
1.1584 -0.29426
1.1682 -0.254933
1.178 -0.216098
1.1878 -0.177747
1.1976 -0.139872
1.2074 -0.102465
1.2172 -0.065518
1.227 -0.0290245
1.2368 0.00702301
1.2466 0.0426316
1.2564 0.0778082
1.2662 0.112559
1.276 0.146892
1.2858 0.180812
1.2956 0.214326
1.3054 0.24744
1.3152 0.28016
1.325 0.312492
1.3348 0.344441
1.3446 0.376014
1.3544 0.407215
1.3642 0.43805
1.374 0.468525
1.3838 0.498644
1.3936 0.528412
1.4034 0.557834
1.4132 0.586916
1.423 0.615661
1.4328 0.644075
1.4426 0.672162
1.4524 0.699926
1.4622 0.727372
1.472 0.754504
1.4818 0.781326
1.4916 0.807842
1.5014 0.834057
1.5112 0.859973
1.521 0.885596
1.5308 0.910928
1.5406 0.935974
1.5504 0.960737
1.5602 0.985221
1.57 1.00943
1.5798 1.03336
1.5896 1.05703
1.5994 1.08043
1.6092 1.10357
1.619 1.12645
1.6288 1.14907
1.6386 1.17144
1.6484 1.19356
1.6582 1.21543
1.668 1.23706
1.6778 1.25845
1.6876 1.2796
1.6974 1.30051
1.7072 1.32119
1.717 1.34164
1.7268 1.36186
1.7366 1.38186
1.7464 1.40163
1.7562 1.42119
1.766 1.44052
1.7758 1.45965
1.7856 1.47855
1.7954 1.49725
1.8052 1.51574
1.815 1.53402
1.8248 1.5521
1.8346 1.56998
1.8444 1.58766
1.8542 1.60514
1.864 1.62242
1.8738 1.63952
1.8836 1.65642
1.8934 1.67313
1.9032 1.68965
1.913 1.70599
1.9228 1.72215
1.9326 1.73812
1.9424 1.75392
1.9522 1.76954
1.962 1.78498
1.9718 1.80024
1.9816 1.81533
1.9914 1.83026
2.0012 1.84501
2.011 1.8596
2.0208 1.87401
2.0306 1.88827
2.0404 1.90236
2.0502 1.91629
2.06 1.93006
2.0698 1.94368
2.0796 1.95713
2.0894 1.97043
2.0992 1.98358
2.109 1.99658
2.1188 2.00942
2.1286 2.02211
2.1384 2.03466
2.1482 2.04706
2.158 2.05931
2.1678 2.07142
2.1776 2.08339
2.1874 2.09521
2.1972 2.1069
2.207 2.11844
2.2168 2.12985
2.2266 2.14112
2.2364 2.15226
2.2462 2.16326
2.256 2.17413
2.2658 2.18487
2.2756 2.19547
2.2854 2.20595
2.2952 2.2163
2.305 2.22652
2.3148 2.23661
2.3246 2.24658
2.3344 2.25642
2.3442 2.26614
2.354 2.27574
2.3638 2.28522
2.3736 2.29458
2.3834 2.30382
2.3932 2.31294
2.403 2.32194
2.4128 2.33083
2.4226 2.3396
2.4324 2.34825
2.4422 2.3568
2.452 2.36523
2.4618 2.37355
2.4716 2.38176
2.4814 2.38986
2.4912 2.39785
2.501 2.40573
2.5108 2.4135
2.5206 2.42117
2.5304 2.42873
2.5402 2.43619
2.55 2.44354
2.5598 2.45079
2.5696 2.45794
2.5794 2.46498
2.5892 2.47193
2.599 2.47877
2.6088 2.48552
2.6186 2.49216
2.6284 2.49871
2.6382 2.50516
2.648 2.51152
2.6578 2.51778
2.6676 2.52394
2.6774 2.53001
2.6872 2.53599
2.697 2.54187
2.7068 2.54766
2.7166 2.55336
2.7264 2.55897
2.7362 2.56449
2.746 2.56992
2.7558 2.57526
2.7656 2.58051
2.7754 2.58567
2.7852 2.59074
2.795 2.59573
2.8048 2.60064
2.8146 2.60546
2.8244 2.61019
2.8342 2.61484
2.844 2.6194
2.8538 2.62389
2.8636 2.62829
2.8734 2.6326
2.8832 2.63684
2.893 2.641
2.9028 2.64507
2.9126 2.64907
2.9224 2.65299
2.9322 2.65683
2.942 2.66059
2.9518 2.66427
2.9616 2.66787
2.9714 2.6714
2.9812 2.67486
2.991 2.67823
3.0008 2.68154
3.0106 2.68476
3.0204 2.68792
3.0302 2.691
3.04 2.69401
3.0498 2.69694
3.0596 2.6998
3.0694 2.70259
3.0792 2.70531
3.089 2.70796
3.0988 2.71054
3.1086 2.71305
3.1184 2.71549
3.1282 2.71786
3.138 2.72016
3.1478 2.72239
3.1576 2.72456
3.1674 2.72665
3.1772 2.72869
3.187 2.73065
3.1968 2.73255
3.2066 2.73438
3.2164 2.73615
3.2262 2.73785
3.236 2.73949
3.2458 2.74106
3.2556 2.74257
3.2654 2.74402
3.2752 2.7454
3.285 2.74673
3.2948 2.74798
3.3046 2.74918
3.3144 2.75032
3.3242 2.75139
3.334 2.75241
3.3438 2.75336
3.3536 2.75425
3.3634 2.75509
3.3732 2.75586
3.383 2.75658
3.3928 2.75723
3.4026 2.75783
3.4124 2.75837
3.4222 2.75885
3.432 2.75928
3.4418 2.75965
3.4516 2.75996
3.4614 2.76022
3.4712 2.76041
3.481 2.76056
3.4908 2.76065
3.5006 2.76068
3.5104 2.76066
3.5202 2.76058
3.53 2.76045
3.5398 2.76027
3.5496 2.76003
3.5594 2.75974
3.5692 2.75939
3.579 2.759
3.5888 2.75855
3.5986 2.75805
3.6084 2.75749
3.6182 2.75689
3.628 2.75623
3.6378 2.75553
3.6476 2.75477
3.6574 2.75396
3.6672 2.7531
3.677 2.75219
3.6868 2.75123
3.6966 2.75023
3.7064 2.74917
3.7162 2.74807
3.726 2.74691
3.7358 2.74571
3.7456 2.74446
3.7554 2.74316
3.7652 2.74181
3.775 2.74042
3.7848 2.73898
3.7946 2.73749
3.8044 2.73596
3.8142 2.73438
3.824 2.73275
3.8338 2.73108
3.8436 2.72936
3.8534 2.7276
3.8632 2.72579
3.873 2.72394
3.8828 2.72204
3.8926 2.7201
3.9024 2.71811
3.9122 2.71608
3.922 2.714
3.9318 2.71188
3.9416 2.70972
3.9514 2.70751
3.9612 2.70527
3.971 2.70297
3.9808 2.70064
3.9906 2.69826
4.0004 2.69585
4.0102 2.69339
4.02 2.69088
4.0298 2.68834
4.0396 2.68575
4.0494 2.68313
4.0592 2.68046
4.069 2.67775
4.0788 2.67501
4.0886 2.67222
4.0984 2.66939
4.1082 2.66652
4.118 2.66361
4.1278 2.66066
4.1376 2.65767
4.1474 2.65465
4.1572 2.65158
4.167 2.64848
4.1768 2.64533
4.1866 2.64215
4.1964 2.63893
4.2062 2.63567
4.216 2.63238
4.2258 2.62904
4.2356 2.62567
4.2454 2.62226
4.2552 2.61882
4.265 2.61533
4.2748 2.61181
4.2846 2.60825
4.2944 2.60466
4.3042 2.60103
4.314 2.59736
4.3238 2.59366
4.3336 2.58992
4.3434 2.58615
4.3532 2.58234
4.363 2.5785
4.3728 2.57462
4.3826 2.5707
4.3924 2.56675
4.4022 2.56276
4.412 2.55874
4.4218 2.55469
4.4316 2.5506
4.4414 2.54648
4.4512 2.54232
4.461 2.53813
4.4708 2.53391
4.4806 2.52965
4.4904 2.52536
4.5002 2.52103
4.51 2.51667
4.5198 2.51228
4.5296 2.50786
4.5394 2.5034
4.5492 2.49891
4.559 2.49439
4.5688 2.48984
4.5786 2.48525
4.5884 2.48063
4.5982 2.47598
4.608 2.4713
4.6178 2.46659
4.6276 2.46184
4.6374 2.45707
4.6472 2.45226
4.657 2.44742
4.6668 2.44255
4.6766 2.43765
4.6864 2.43272
4.6962 2.42776
4.706 2.42277
4.7158 2.41775
4.7256 2.41269
4.7354 2.40761
4.7452 2.4025
4.755 2.39736
4.7648 2.39218
4.7746 2.38698
4.7844 2.38175
4.7942 2.37649
4.804 2.3712
4.8138 2.36588
4.8236 2.36054
4.8334 2.35516
4.8432 2.34975
4.853 2.34432
4.8628 2.33886
4.8726 2.33337
4.8824 2.32785
4.8922 2.3223
4.902 2.31672
4.9118 2.31112
4.9216 2.30549
4.9314 2.29983
4.9412 2.29415
4.951 2.28843
4.9608 2.28269
4.9706 2.27692
4.9804 2.27113
4.9902 2.2653
5.00001 2.25945
5.00981 2.25358
5.01961 2.24767
5.02941 2.24174
5.03921 2.23579
5.04901 2.2298
5.05881 2.2238
5.06861 2.21776
5.07841 2.2117
5.08821 2.20561
5.09801 2.1995
5.10781 2.19336
5.11761 2.18719
5.12741 2.181
5.13721 2.17479
5.14701 2.16854
5.15681 2.16228
5.16661 2.15598
5.17641 2.14967
5.18621 2.14332
5.19601 2.13696
5.20581 2.13056
5.21561 2.12415
5.22541 2.1177
5.23521 2.11124
5.24501 2.10475
5.25481 2.09823
5.26461 2.09169
5.27441 2.08513
5.28421 2.07854
5.29401 2.07193
5.30381 2.06529
5.31361 2.05863
5.32341 2.05195
5.33321 2.04524
5.34301 2.03851
5.35281 2.03176
5.36261 2.02498
5.37241 2.01818
5.38221 2.01135
5.39201 2.0045
5.40181 1.99763
5.41161 1.99074
5.42141 1.98382
5.43121 1.97688
5.44101 1.96992
5.45081 1.96294
5.46061 1.95593
5.47041 1.9489
5.48021 1.94185
5.49001 1.93477
5.49981 1.92767
5.50961 1.92055
5.51941 1.91341
5.52921 1.90625
5.53901 1.89906
5.54881 1.89186
5.55861 1.88463
5.56841 1.87738
5.57821 1.8701
5.58801 1.86281
5.59781 1.85549
5.60761 1.84816
5.61741 1.8408
5.62721 1.83342
5.63701 1.82602
5.64681 1.8186
5.65661 1.81115
5.66641 1.80369
5.67621 1.7962
5.68601 1.7887
5.69581 1.78117
5.70561 1.77362
5.71541 1.76606
5.72521 1.75847
5.73501 1.75086
5.74481 1.74323
5.75461 1.73558
5.76441 1.72791
5.77421 1.72022
5.78401 1.71251
5.79381 1.70478
5.80361 1.69703
5.81341 1.68926
5.82321 1.68147
5.83301 1.67366
5.84281 1.66583
5.85261 1.65798
5.86241 1.65011
5.87221 1.64222
5.88201 1.63431
5.89181 1.62639
5.90161 1.61844
5.91141 1.61047
5.92121 1.60249
5.93101 1.59448
5.94081 1.58646
5.95061 1.57842
5.96041 1.57036
5.97021 1.56228
5.98001 1.55418
5.98981 1.54606
5.99961 1.53792
6.00941 1.52977
6.01921 1.52159
6.02901 1.5134
6.03881 1.50519
6.04861 1.49696
6.05841 1.48871
6.06821 1.48045
6.07801 1.47216
6.08781 1.46386
6.09761 1.45554
6.10741 1.4472
6.11721 1.43884
6.12701 1.43047
6.13681 1.42208
6.14661 1.41367
6.15641 1.40524
6.16621 1.39679
6.17601 1.38833
6.18581 1.37985
6.19561 1.37135
6.20541 1.36283
6.21521 1.3543
6.22501 1.34575
6.23481 1.33718
6.24461 1.3286
6.25441 1.31999
6.26421 1.31137
6.27401 1.30274
6.28381 1.29408
6.29361 1.28541
6.30341 1.27673
6.31321 1.26802
6.32301 1.2593
6.33281 1.25056
6.34261 1.24181
6.35241 1.23303
6.36221 1.22424
6.37201 1.21544
6.38181 1.20662
6.39161 1.19778
6.40141 1.18893
6.41121 1.18005
6.42101 1.17117
6.43081 1.16226
6.44061 1.15334
6.45041 1.14441
6.46021 1.13546
6.47001 1.12649
6.47981 1.1175
6.48961 1.1085
6.49941 1.09949
6.50921 1.09046
6.51901 1.08141
6.52881 1.07234
6.53861 1.06326
6.54841 1.05417
6.55821 1.04506
6.56801 1.03593
6.57781 1.02679
6.58761 1.01763
6.59741 1.00846
6.60721 0.999271
6.61701 0.990067
6.62681 0.980848
6.63661 0.971614
6.64641 0.962364
6.65621 0.953099
6.66601 0.943819
6.67581 0.934524
6.68561 0.925214
6.69541 0.915889
6.70521 0.906549
6.71501 0.897194
6.72481 0.887824
6.73461 0.878439
6.74441 0.869039
6.75421 0.859625
6.76401 0.850196
6.77381 0.840752
6.78361 0.831293
6.79341 0.82182
6.80321 0.812333
6.81301 0.802831
6.82281 0.793314
6.83261 0.783783
6.84241 0.774238
6.85221 0.764678
6.86201 0.755104
6.87181 0.745516
6.88161 0.735914
6.89141 0.726297
6.90121 0.716666
6.91101 0.707022
6.92081 0.697363
6.93061 0.68769
6.94041 0.678003
6.95021 0.668302
6.96001 0.658587
6.96981 0.648859
6.97961 0.639116
6.98941 0.62936
6.99921 0.61959
7.00901 0.609806
7.01881 0.600009
7.02861 0.590198
7.03841 0.580374
7.04821 0.570536
7.05801 0.560684
7.06781 0.550819
7.07761 0.54094
7.08741 0.531048
7.09721 0.521143
7.10701 0.511225
7.11681 0.501293
7.12661 0.491347
7.13641 0.481389
7.14621 0.471417
7.15601 0.461433
7.16581 0.451435
7.17561 0.441424
7.18541 0.4314
7.19521 0.421363
7.20501 0.411313
7.21481 0.40125
7.22461 0.391175
7.23441 0.381086
7.24421 0.370985
7.25401 0.36087
7.26381 0.350743
7.27361 0.340604
7.28341 0.330451
7.29321 0.320286
7.30301 0.310109
7.31281 0.299918
7.32261 0.289715
7.33241 0.2795
7.34221 0.269272
7.35201 0.259032
7.36181 0.248779
7.37161 0.238514
7.38141 0.228237
7.39121 0.217947
7.40101 0.207645
7.41081 0.197331
7.42061 0.187004
7.43041 0.176665
7.44021 0.166314
7.45001 0.155951
7.45981 0.145576
7.46961 0.135189
7.47941 0.12479
7.48921 0.114379
7.49901 0.103955
7.50881 0.0935204
7.51861 0.0830733
7.52841 0.0726144
7.53821 0.0621437
7.54801 0.0516611
7.55781 0.0411667
7.56761 0.0306606
7.57741 0.0201428
7.58721 0.00961325
7.59701 -0.000927943
7.60681 -0.0114808
7.61661 -0.0220452
7.62641 -0.0326212
7.63621 -0.0432087
7.64601 -0.0538078
7.65581 -0.0644183
7.66561 -0.0750403
7.67541 -0.0856738
7.68521 -0.0963186
7.69501 -0.106975
7.70481 -0.117642
7.71461 -0.128321
7.72441 -0.139011
7.73421 -0.149713
7.74401 -0.160425
7.75381 -0.171149
7.76361 -0.181884
7.77341 -0.19263
7.78321 -0.203387
7.79301 -0.214156
7.80281 -0.224935
7.81261 -0.235725
7.82241 -0.246527
7.83221 -0.257339
7.84201 -0.268162
7.85181 -0.278996
7.86161 -0.289842
7.87141 -0.300697
7.88121 -0.311564
7.89101 -0.322442
7.90081 -0.33333
7.91061 -0.344229
7.92041 -0.355139
7.93021 -0.36606
7.94001 -0.376991
7.94981 -0.387933
7.95961 -0.398885
7.96941 -0.409849
7.97921 -0.420822
7.98901 -0.431807
7.99881 -0.442801
8.00861 -0.453807
8.01841 -0.464822
8.02821 -0.475848
8.03801 -0.486885
8.04781 -0.497932
8.05761 -0.508989
8.06741 -0.520057
8.07721 -0.531135
8.08701 -0.542223
8.09681 -0.553322
8.10661 -0.564431
8.11641 -0.57555
8.12621 -0.586679
8.13601 -0.597818
8.14581 -0.608968
8.15561 -0.620127
8.16541 -0.631297
8.17521 -0.642477
8.18501 -0.653667
8.19481 -0.664866
8.20461 -0.676076
8.21441 -0.687296
8.22421 -0.698526
8.23401 -0.709766
8.24381 -0.721015
8.25361 -0.732275
8.26341 -0.743544
8.27321 -0.754823
8.28301 -0.766112
8.29281 -0.777411
8.30261 -0.788719
8.31241 -0.800038
8.32221 -0.811366
8.33201 -0.822703
8.34181 -0.834051
8.35161 -0.845408
8.36141 -0.856774
8.37121 -0.86815
8.38101 -0.879536
8.39081 -0.890932
8.40061 -0.902337
8.41041 -0.913751
8.42021 -0.925175
8.43001 -0.936608
8.43981 -0.948051
8.44961 -0.959503
8.45941 -0.970965
8.46921 -0.982436
8.47901 -0.993916
8.48881 -1.00541
8.49861 -1.01691
8.50841 -1.02841
8.51821 -1.03993
8.52801 -1.05146
8.53781 -1.06299
8.54761 -1.07454
8.55741 -1.08609
8.56721 -1.09766
8.57701 -1.10923
8.58681 -1.12081
8.59661 -1.1324
8.60641 -1.144
8.61621 -1.15561
8.62601 -1.16723
8.63581 -1.17886
8.64561 -1.19049
8.65541 -1.20214
8.66521 -1.21379
8.67501 -1.22546
8.68481 -1.23713
8.69461 -1.24881
8.70441 -1.2605
8.71421 -1.2722
8.72401 -1.28391
8.73381 -1.29562
8.74361 -1.30735
8.75341 -1.31908
8.76321 -1.33082
8.77301 -1.34258
8.78281 -1.35434
8.79261 -1.36611
8.80241 -1.37788
8.81221 -1.38967
8.82201 -1.40146
8.83181 -1.41327
8.84161 -1.42508
8.85141 -1.4369
8.86121 -1.44873
8.87101 -1.46057
8.88081 -1.47241
8.89061 -1.48427
8.90041 -1.49613
8.91021 -1.508
8.92001 -1.51988
8.92981 -1.53177
8.93961 -1.54367
8.94941 -1.55558
8.95921 -1.56749
8.96901 -1.57941
8.97881 -1.59134
8.98861 -1.60328
8.99841 -1.61523
9.00821 -1.62718
9.01801 -1.63915
9.02781 -1.65112
9.03761 -1.6631
9.04741 -1.67509
9.05721 -1.68709
9.06701 -1.69909
9.07681 -1.7111
9.08661 -1.72313
9.09641 -1.73515
9.10621 -1.74719
9.11601 -1.75924
9.12581 -1.77129
9.13561 -1.78335
9.14541 -1.79542
9.15521 -1.8075
9.16501 -1.81959
9.17481 -1.83168
9.18461 -1.84378
9.19441 -1.85589
9.20421 -1.86801
9.21401 -1.88014
9.22381 -1.89227
9.23361 -1.90441
9.24341 -1.91656
9.25321 -1.92872
9.26301 -1.94088
9.27281 -1.95305
9.28261 -1.96524
9.29241 -1.97742
9.30221 -1.98962
9.31201 -2.00182
9.32181 -2.01404
9.33161 -2.02626
9.34141 -2.03848
9.35121 -2.05072
9.36101 -2.06296
9.37081 -2.07521
9.38061 -2.08747
9.39041 -2.09973
9.40021 -2.11201
9.41001 -2.12429
9.41981 -2.13657
9.42961 -2.14887
9.43941 -2.16117
9.44921 -2.17349
9.45901 -2.1858
9.46881 -2.19813
9.47861 -2.21046
9.48841 -2.2228
9.49821 -2.23515
9.50801 -2.24751
9.51781 -2.25987
9.52761 -2.27224
9.53741 -2.28462
9.54721 -2.29701
9.55701 -2.3094
9.56681 -2.3218
9.57661 -2.33421
9.58641 -2.34662
9.59621 -2.35904
9.60601 -2.37147
9.61581 -2.38391
9.62561 -2.39635
9.63541 -2.4088
9.64521 -2.42126
9.65501 -2.43373
9.66481 -2.4462
9.67461 -2.45868
9.68441 -2.47117
9.69421 -2.48366
9.70401 -2.49616
9.71381 -2.50867
9.72361 -2.52119
9.73341 -2.53371
9.74321 -2.54624
9.75301 -2.55878
9.76281 -2.57132
9.77261 -2.58387
9.78241 -2.59643
9.79221 -2.609
9.80201 -2.62157
9.81181 -2.63415
9.82161 -2.64673
9.83141 -2.65933
9.84121 -2.67193
9.85101 -2.68453
9.86081 -2.69715
9.87061 -2.70977
9.88041 -2.72239
9.89021 -2.73503
9.90001 -2.74767
